	0.992	
	1.1	
	0.516	
	-0.656	
	-0.8	
	0.254	
	-1.04	
	-1.15	
	0.493	
	-0.0927	
	0.633	
	2.01	
	-0.51	
	0.593	
	1.49	
	2.26	
	0.374	
	0.525	
	-2.34	
	-0.884	
	-1.72	
	-1.78	
	-0.802	
	1.3	
	-2	
	2.33	
	0.795	
	-0.658	
	-0.375	
	0.2	
	-2.72	
	3.65	
	0.624	
	-1.29	
	-1.16	
	1.81	
	1	
	-0.335	
	-0.761	
	0.968	
	0.51	
	-0.124	
	0.655	
	1.82	
	0.49	
	0.178	
	-1.86	
	-2.55	
	2.79	
	0.478	
	-0.179	
	1.33	
	-1.04	
	1.32	
	-1.38	
	-0.579	
	2.47	
	1.19	
	0.0854	
	-0.807	
	-0.997	
	2.21	
	-1.03	
	-1.31	
	-0.722	
	-1.62	
	-2.14	
	3.51	
	1.56	
	-0.868	
	-0.555	
	3.51	
	0.804	
	1.95	
	0.747	
	-2.92	
	0.19	
	-1.15	
	-1.09	
	0.302	
	-0.561	
	-0.996	
	-1.16	
	1.28	
	-1.98	
	2.76	
	1.13	
	1.58	
	-2.46	
	-2.04	
	0.224	
	-1.85	
	1.1	
	0.586	
	-1.36	
	-2.27	
	-0.269	
	-0.912	
	-1.5	
	1.9	
	0.923	
	1.21	
	-0.838	
	0.0355	
	2.64	
	2.64	
	2.24	
	-3.53	
	2.39	
	-0.956	
	-2.15	
	3.89	
	3.37	
	-1.55	
	1.57	
	-2.13	
	-0.23	
	1.62	
	1.53	
	-0.748	
	-3.16	
	-0.95	
	-0.153	
	2.6	
	1.11	
	1.37	
	-2.59	
	-1.14	
	-2.77	
	1.85	
	2.81	
	1.68	
	-2.88	
	-1.6	
	-1.66	
	-2.42	
	0.938	
	1.01	
	0.358	
	-0.826	
	-0.154	
	-1.51	
	-2.95	
	-1.54	
	-2.43	
	-0.529	
	-0.28	
	2.75	
	0.302	
	0.363	
	3.92	
	-0.0334	
	-0.966	
	-0.341	
	-1.77	
	-1.32	
	0.346	
	-0.7	
	-0.368	
	-1.29	
	2.94	
	-2.44	
	2.15	
	-0.776	
	-0.356	
	-1.07	
	-0.295	
	1.67	
	-3.72	
	1.77	
	0.556	
	3.54	
	2.66	
	-0.0911	
	0.409	
	2.3	
	-0.194	
	1.62	
	1.7	
	-1.26	
	0.657	
	0.446	
	0.692	
	0.437	
	1.46	
	-2.43	
	-0.439	
	-1.84	
	-2.74	
	0.0361	
	2.28	
	-0.0443	
	1.02	
	-2.27	
	0.838	
	-2.67	
	0.799	
	-1.18	
	-1.55	
	0.955	
	-2.12	
	2.14	
	-0.0458	
	-0.92	
	-0.0471	
	-1.76	
	-2.8	
	-1.08	
	-0.121	
	-2.54	
	-1.66	
	0.816	
	1.24	
	1.9	
	1.48	
	-2.49	
	1.93	
	0.0332	
	2.13	
	1.65	
	-0.943	
	-0.159	
	-3.79	
	0.329	
	1.86	
	-1.22	
	-0.044	
	2.19	
	-0.598	
	-1.7	
	-1.31	
	-1.67	
	-0.173	
	-2.02	
	1.31	
	2.31	
	-1.26	
	0.546	
	-0.387	
	0.466	
	2.18	
	1.55	
	-0.362	
	0.781	
	0.93	
	-0.494	
	-0.0442	
	-0.768	
	-1.41	
	0.918	
	2	
	2.08	
	-2.99	
	1.91	
	-2.14	
	1.61	
	0.111	
	1.95	
	-1.9	
	-2.51	
	2.41	
	0.725	
	-3.27	
	-0.693	
	0.127	
	2.4	
	-0.154	
	1.52	
	-0.0604	
	-2.24	
	1.9	
	-0.397	
	1.77	
	0.878	
	-0.999	
	-1.46	
	0.607	
	0.692	
	1.23	
	-2.31	
	1.35	
	-0.0557	
	0.55	
	1.53	
	-1.68	
	0.426	
	-2.69	
	-1.73	
	-2.5	
	-1.73	
	-2.4	
	0.515	
	-0.618	
	2.07	
	-0.37	
	-1.38	
	0.0915	
	-1.96	
	2.27	
	1.78	
	1.18	
	0.447	
	3.03	
	-1.16	
	0.176	
	-1.22	
	0.358	
	-1.69	
	-0.476	
	0.607	
	-0.916	
	0.34	
	-1.92	
	1.48	
	-1.97	
	-1.37	
	-1.58	
	-2.15	
	-0.655	
	-0.347	
	-0.378	
	-2.11	
	-0.406	
	1.1	
	-0.827	
	1.33	
	0.658	
	-1.52	
	1.13	
	1.66	
	1.32	
	-0.572	
	0.877	
	1.04	
	0.626	
	-0.271	
	0.272	
	0.438	
	0.883	
	3.39	
	1.83	
	-3.27	
	0.544	
	-2.42	
	1.48	
	-2.44	
	-1.72	
	-0.389	
	-0.124	
	-1.71	
	3.37	
	-2.11	
	2.63	
	0.203	
	0.848	
	-2.52	
	-1.64	
	0.776	
	-2.09	
	1.89	
	-2.18	
	1.96	
	1.32	
	2.31	
	0.767	
	-1.51	
	1.47	
	0.0147	
	1.02	
	1.26	
	2.21	
	2.4	
	-1.06	
	2.28	
	-2	
	-0.883	
	0.143	
	-1.38	
	1.86	
	-1.38	
	1.64	
	1.53	
	2.16	
	2.1	
	-0.35	
	-2.23	
	0.59	
	1.23	
	-2.26	
	0.914	
	-3.09	
	-1.11	
	2.05	
	-0.568	
	-1.04	
	0.0086	
	-0.804	
	2.94	
	0.25	
	0.591	
	3.67	
	-0.0443	
	2.08	
	0.479	
	1.09	
	-2.49	
	-1.22	
	-1.2	
	2.27	
	2.91	
	-0.0916	
	-2.26	
	0.516	
	1.18	
	2.79	
	-0.233	
	-0.658	
	-2.73	
	-2.49	
	-0.66	
	0.665	
	-3.28	
	1.3	
	0.436	
	4.71	
	0.806	
	2.65	
	1.44	
	-1.9	
	0.0296	
	0.826	
	2.6	
	-1.56	
	-0.66	
	1.93	
	0.711	
	-0.518	
	-1.63	
	1.69	
	1.28	
	-2.4	
	1.07	
	-0.92	
	0.347	
	0.796	
	-0.0142	
	1.12	
	1.16	
	-0.684	
	1.79	
	-2.03	
	-0.935	
	0.0699	
	-0.097	
	-0.151	
	-2.63	
	-2.49	
	-2.55	
	-3.54	
	2.31	
	2.69	
	-0.637	
	3.79	
	2.51	
	-1.23	
	1.85	
	0.562	
	-3.65	
	1.41	
	0.934	
	-1.88	
	2.81	
	0.0755	
	1.33	
	-3.01	
	0.603	
	-1.8	
	2.58	
	-0.578	
	1.12	
	-1.5	
	-0.233	
	1.64	
	2.92	
	0.392	
	-1.84	
	-0.964	
	-2.43	
	-0.299	
	2.97	
	-0.959	
	-1.32	
	1.73	
	-4.37	
	0.954	
	-1.17	
	1.2	
	-0.617	
	-0.353	
	-0.63	
	-0.232	
	0.398	
	-1.44	
	1.84	
	2.56	
	-2	
	-0.0284	
	-1.44	
	1.18	
	-1.15	
	-0.207	
	-0.75	
	0.663	
	1.16	
	-1.39	
	-1.27	
	-2.94	
	-2.4	
	0.446	
	2.06	
	1.45	
	3.27	
	2.03	
	0.573	
	1.06	
	-2.91	
	1.74	
	0.513	
	-1.92	
	0.649	
	-1.32	
	-0.535	
	3.63	
	1.98	
	-0.162	
	-0.382	
	2.32	
	-0.116	
	-1.78	
	1.54	
	2.51	
	-2.1	
	-0.0901	
	1.15	
	0.618	
	2.94	
	0.461	
	-1.33	
	-0.42	
	1.35	
	-1.46	
	-0.34	
	1.69	
	0.726	
	-2.65	
	1.44	
	0.657	
	1.35	
	1.14	
	0.0293	
	-0.904	
	1.32	
	-2.14	
	-0.829	
	0.00145	
	-1.49	
	1.16	
	1.63	
	2.26	
	-1.86	
	0.644	
	0.094	
	-2.4	
	-1.33	
	-0.349	
	-1.4	
	-2.33	
	3.47	
	1.7	
	1.65	
	0.284	
	1.73	
	-0.239	
	-2.22	
	0.213	
	-2.04	
	-1.9	
	1.3	
	0.33	
	1.66	
	0.566	
	0.46	
	0.506	
	-0.289	
	1.24	
	-1.62	
	-0.313	
	-1.26	
	-0.73	
	0.853	
	0.828	
	1.32	
	0.916	
	-1.33	
	-0.36	
	1.21	
	-1.61	
	-0.277	
	0.232	
	1.9	
	-0.0573	
	-1.61	
	1.83	
	-2.52	
	-2.27	
	0.577	
	-0.406	
	0.275	
	1.06	
	0.0539	
	0.303	
	0.573	
	0.315	
	-0.62	
	-1.43	
	-1.99	
	-1.9	
	1.34	
	1.01	
	-2.29	
	0.355	
	-0.616	
	0.568	
	-0.0307	
	0.0329	
	2.36	
	0.978	
	0.126	
	0.527	
	-0.253	
	0.271	
	1.59	
	-2.32	
	-0.372	
	-0.359	
	0.188	
	-1.34	
	1.7	
	-2.78	
	0.895	
	0.29	
	-0.607	
	-0.512	
	1.16	
	-2.77	
	0.545	
	-2.14	
	-1.02	
	-0.395	
	-0.983	
	0.616	
	-2.05	
	2.09	
	-1.43	
	-1.2	
	-1.88	
	0.319	
	-1.46	
	1.33	
	1.34	
	0.895	
	2.05	
	-3.35	
	1.16	
	0.603	
	0.485	
	-0.317	
	-0.759	
	1.93	
	-0.0422	
	2.8	
	3.5	
	2.73	
	2.86	
	0.619	
	0.469	
	-2.04	
	1.84	
	-2.65	
	4.04	
	2.27	
	1.13	
	-1.61	
	-2.16	
	-0.359	
	1.43	
	2.05	
	-1.43	
	-2.47	
	1.16	
	1.33	
	0.144	
	-0.604	
	2.89	
	1.54	
	-2.9	
	-1.96	
	0.24	
	-0.597	
	-1.45	
	-1.51	
	2.75	
	0.764	
	-2.41	
	-0.557	
	-1.18	
	-0.909	
	-1.63	
	0.966	
	1.51	
	2.81	
	-1.16	
	1.8	
	0.947	
	-0.0905	
	0.756	
	-1.81	
	0.693	
	1.32	
	-1.54	
	2.36	
	-0.8	
	-2.14	
	-0.97	
	-0.39	
	2.97	
	0.358	
	2.48	
	0.899	
	-1.63	
	-1.19	
	0.299	
	0.842	
	1.52	
	1.06	
	1.06	
	-0.443	
	1.67	
	-1.37	
	0.806	
	0.774	
	2.12	
	1.04	
	0.153	
	-0.362	
	-1.89	
	-1.01	
	-0.0358	
	-0.167	
	2.54	
	2.2	
	3.21	
	-0.468	
	-2.16	
	-0.0716	
	-2	
	0.491	
	0.809	
	-1.93	
	-0.469	
	0.427	
	1.92	
	1.33	
	-1.1	
	-0.196	
	0.659	
	0.357	
	-3.56	
	-1.25	
	-0.431	
	-2.39	
	0.174	
	0.735	
	-2.24	
	1.48	
	0.67	
	-0.571	
	-0.504	
	-1.55	
	-1.78	
	-1.29	
	1.53	
	-0.66	
	-1.23	
	0.507	
	-2.53	
	-1.52	
	0.0901	
	0.226	
	0.865	
	1.3	
	-0.613	
	0.206	
	1.78	
	0.574	
	-0.367	
	-0.645	
	-2	
	-1.43	
	0.498	
	-0.87	
	-0.734	
	-1.99	
	1.26	
	1.7	
	1.81	
	1.24	
	0.732	
	1.89	
	0.723	
	-2.27	
	-0.069	
	1.33	
	-1.57	
	-0.0783	
	1.64	
	-0.356	
	-1.05	
	1.72	
	-0.578	
	0.218	
	2.27	
	2.44	
	0.277	
	1.72	
	-0.364	
	-1.57	
	2.11	
	1.05	
	1.86	
	-2.16	
	3.49	
	2.77	
	0.148	
	-3.46	
	-1.94	
	-0.964	
	2.32	
	0.716	
	0.153	
	-1.49	
	-1.01	
	1	
	-0.404	
	1.4	
	-1.2	
	1.62	
	0.951	
	-2.63	
	2.31	
	1.45	
	-0.264	
	-1.37	
	0.618	
	0.842	
	-0.0803	
	1.23	
	-1.27	
	1.21	
	0.215	
	-0.351	
	2.29	
	2.27	
	-0.351	
	0.452	
	1.62	
	-0.0458	
	2.16	
	-0.9	
	-1.73	
	-0.378	
	0.907	
	0.77	
	2.27	
	-1.32	
	0.222	
	-3.28	
	0.596	
	-0.223	
	-0.629	
	1.12	
	2.36	
	-3.36	
	-2.97	
	1.31	
	1.01	
	0.466	
	-0.421	
	-0.654	
	0.279	
	-2.87	
	0.882	
	-1.75	
	-2.15	
	-0.329	
	-0.274	
	1.41	
	-2.56	
	0.417	
	1.28	
	-0.889	
	1.73	
	-0.572	
	2.8	
	-1.69	
	0.0215	
	-3.14	
	-3.35	
	2.58	
	0.297	
	2.52	
	-0.558	
	1.21	
	2.19	
	1.53	
	1.1	
	-2.61	
	1.39	
	2.39	
	1.01	
	1.3	
	-0.392	
	-1.74	
	0.0447	
	-0.726	
	-2.2	
	-0.459	
	1.82	
	1.35	
	1.43	
	0.377	
	1.38	
	-0.835	
	1.8	
	1.03	
	1.58	
	1.76	
	0.349	
	-2.39	
	1.89	
	1.89	
	0.588	
	-0.144	
	0.611	
	-1.72	
	-1.22	
	-1.6	
	-0.939	
	1.34	
	0.335	
	-0.114	
	1.01	
	-0.658	
	-0.897	
	-1.45	
	0.914	
	-0.864	
	-1.42	
	-0.804	
	0.597	
	-1.13	
	-1.23	
	1.44	
	0.768	
	-1.43	
	-1.37	
	-0.492	
	-0.578	
	1.69	
	-1.73	
	-1.48	
	-1.34	
	-3.31	
	-2.88	
	2.5	
	0.969	
	-0.781	
	3.01	
	-2.58	
	-1.12	
	0.118	
	1.02	
	-0.185	
	1.3	
	-0.631	
	-1.61	
	-0.591	
	-0.919	
	0.995	
	0.794	
	0.503	
	-2.62	
	-0.27	
	-1.79	
	-0.445	
	-2.54	
	1.24	
	-0.222	
	-1.09	
	-0.743	
	-0.933	
	-1.95	
	-0.975	
	2.56	
	0.794	
	-1.02	
	-2.45	
	-0.968	
	-1.61	
	1.52	
	1.4	
	-0.156	
	-0.345	
	1.93	
	0.69	
	-2.02	
	-2.64	
	-1.31	
	-2.03	
	3	
	0.0621	
	0.857	
	-0.949	
	-0.702	
	1.82	
	-2.29	
	-0.714	
	3.28	
	-0.881	
	-2.48	
	0.63	
	-0.226	
	-1.51	
	2.7	
	1.97	
	0.517	
	-0.0577	
	-0.898	
	3.56	
	1.93	
	1.5	
	3.5	
	-2.21	
	1.21	
	-0.6	
	-2.81	
	0.838	
	-1.83	
	-2.13	
	-1.01	
	1.37	
	1.08	
	-2.03	
	-3.39	
	-1.5	
	1.41	
	1.13	
	2.52	
	-0.0365	
	1.09	
	1.22	
	1.08	
	1.1	
	-0.229	
	-0.858	
	-0.668	
	-0.639	
	-1.18	
	-0.828	
	-2.11	
	-0.433	
	0.38	
	-3.37	
	1.94	
	-0.00705	
	-1.11	
	-0.35	
	1.87	
	-1.48	
	1.76	
	1.7	
	-0.0434	
	2.72	
	1.97	
	-1.79	
	-2.7	
	0.544	
	0.498	
	1.56	
	1.23	
	1.24	
	0.779	
	-1.47	
	-1.41	
	0.636	
	-3.4	
	0.217	
	0.124	
	0.769	
	2.93	
	-1.51	
	-1.36	
	0.377	
	-0.0272	
	0.348	
	3.29	
	3.23	
	1.07	
	-2.75	
	-0.209	
	-2.86	
	-0.528	
	0.428	
	-2.28	
	0.278	
	-0.0911	
	-0.213	
	-3.9	
	-0.452	
	-0.659	
	2.17	
	0.137	
	1.98	
	1.81	
	-0.258	
	1.52	
	-1.56	
	-1.89	
	-3.52	
	-1.54	
	0.226	
	1.25	
	-1.5	
	-0.415	
	1.07	
	0.643	
	0.699	
	0.0735	
	-2.15	
	-0.249	
	2.04	
	-2.84	
	0.0228	
	-1.36	
	-2.18	
	0.0044	
	2.06	
	-1.68	
	-0.876	
	2.09	
	-2.16	
	-0.159	
	0.663	
	1.34	
	-0.0283	
	1.56	
	1.84	
	-1.09	
	-0.367	
	-2.85	
	-0.703	
	1.38	
	1.14	
	-1.86	
	-0.399	
	2.82	
	2.6	
	-3.09	
	-3.63	
	0.589	
	3	
	-1.77	
	-0.0994	
	-1.26	
	2.66	
	-1.75	
	-0.288	
	-0.398	
	1.09	
	-0.826	
	0.561	
	-0.541	
	1.15	
	-0.966	
	0.0155	
	-0.839	
	0.523	
	1.59	
	3.34	
	-1.14	
	-2.84	
	-0.67	
	-1.58	
	-0.82	
	-1	
	0.961	
	-0.768	
	-0.167	
	0.669	
	-2.72	
	2.43	
	-0.432	
	0.0808	
	-1.49	
	0.164	
	-0.837	
	0.253	
	-1.81	
	1.27	
	-0.844	
	0.317	
	-0.61	
	-1.64	
	1.28	
	1.67	
	3.17	
	-1.64	
	-2.13	
	0.448	
	-2.68	
	3.63	
	-0.035	
	-0.135	
	-0.224	
	1.29	
	0.706	
	-0.158	
	1.15	
	1.21	
	-1.04	
	0.57	
	-0.268	
	2.08	
	1.06	
	-1.47	
	-0.597	
	0.118	
	0.514	
	-1.55	
	-1.51	
	-2.19	
	-1.68	
	0.503	
	1.94	
	-0.654	
	2.44	
	-0.1	
	-1.67	
	-4.08	
	2.79	
	-1.11	
	0.551	
	1.83	
	1.75	
	0.654	
	3.58	
	-1.26	
	0.284	
	2.75	
	-0.425	
	0.0712	
	2.42	
	0.177	
	1.25	
	-0.0511	
	-1.15	
	2.17	
	1.83	
	0.246	
	1.86	
	-1.49	
	-3.75	
	0.579	
	-0.842	
	-0.383	
	-1.63	
	-2.28	
	-0.225	
	1.62	
	1.57	
	-2.26	
	2.15	
	-0.128	
	0.215	
	-0.998	
	1.44	
	-1.5	
	-2.69	
	0.589	
	1	
	-0.557	
	0.256	
	-0.463	
	-0.146	
	-0.817	
	-3.31	
	-1.62	
	0.886	
	1.48	
	-1.2	
	-0.377	
	-2.41	
	1.82	
	0.816	
	1.31	
	-1.22	
	-0.472	
	2.69	
	-1.07	
	0.677	
	-1.99	
	-0.549	
	-1.83	
	0.682	
	-0.832	
	0.218	
	0.83	
	2.51	
	-1.09	
	0.791	
	0.884	
	2.5	
	-0.0732	
	-2.22	
	0.312	
	0.469	
	1.46	
	-1.83	
	-2.76	
	1.37	
	-1.41	
	-1.47	
	0.948	
	0.17	
	1.16	
	-0.344	
	0.0945	
	-3.31	
	-0.315	
	2.02	
	-2.3	
	-0.12	
	-1.49	
	0.874	
	-0.625	
	-2.72	
	-0.491	
	-2.08	
	0.994	
	3.19	
	-0.546	
	0.397	
	-3.07	
	-0.795	
	-3.76	
	2.14	
	-3.17	
	0.0837	
	1.81	
	0.125	
	-1.85	
	-1.1	
	0.664	
	0.389	
	0.937	
	0.641	
	-1.6	
	-0.285	
	-1.16	
	-1.73	
	-1.17	
	-0.977	
	1.17	
	-0.672	
	-0.219	
	-0.985	
	-0.867	
	-1.53	
	-3.48	
	1.67	
	1	
	0.271	
	2.34	
	0.949	
	-0.148	
	-1.11	
	2.07	
	-0.0574	
	-0.141	
	-0.00583	
	0.737	
	-1.09	
	-0.286	
	1.68	
	-0.846	
	0.433	
	2.47	
	-1.71	
	-0.358	
	-0.986	
	1.28	
	0.592	
	-0.373	
	0.494	
	0.0812	
	-1.36	
	0.968	
	-0.204	
	0.925	
	2.24	
	0.63	
	-1.19	
	1.37	
	1.36	
	-0.323	
	0.885	
	0.59	
	0.211	
	-3.5	
	0.0573	
	2.06	
	3.27	
	0.236	
	0.599	
	-2.32	
	-0.231	
	0.23	
	-0.866	
	-0.995	
	-1.51	
	1.57	
	-0.647	
	-1.39	
	-1.36	
	1.25	
	1.19	
	0.0254	
	-2.47	
	-1.22	
	3.06	
	-1.89	
	-2.48	
	-0.451	
	-0.78	
	-2.76	
	0.46	
	1.23	
	0.0255	
	1.99	
	-3.03	
	0.969	
	1.04	
	0.651	
	-1.18	
	1.85	
	1.82	
	-0.932	
	0.959	
	-0.956	
	-0.995	
	0.204	
	-2.29	
	1.09	
	2.06	
	1.04	
	-0.45	
	0.219	
	0.404	
	-1.94	
	1.64	
	0.744	
	1.2	
	-1.12	
	-0.848	
	1.42	
	-1.12	
	1.64	
	1.3	
	2.58	
	-1.61	
	1.32	
	-1.35	
	1.1	
	3.01	
	0.72	
	-0.427	
	-0.377	
	-0.148	
	1.15	
	-0.25	
	0.797	
	-1.98	
	-1.1	
	2.44	
	1.45	
	-1.1	
	-0.386	
	-0.218	
	0.522	
	2.22	
	-1.79	
	0.353	
	1.71	
	-2.31	
	0.196	
	-1.56	
	-1.65	
	1.07	
	-0.109	
	1.64	
	2.62	
	2.26	
	-0.548	
	-0.121	
	-1.56	
	-0.167	
	-1.48	
	0.0935	
	-0.806	
	-2.98	
	-1.94	
	1.24	
	-0.635	
	-2.48	
	-2.52	
	2.06	
	0.4	
	-2.11	
	0.858	
	1.25	
	2.56	
	-1.84	
	2.49	
	-1.03	
	-0.5	
	0.64	
	1.29	
	-0.842	
	1.82	
	1.68	
	-2.34	
	-0.847	
	-1.02	
	-1.86	
	-2.19	
	-0.484	
	-1.3	
	1.77	
	-3.49	
	3.95	
	-2.61	
	-1.57	
	1.18	
	-0.171	
	0.392	
	1.75	
	-1.48	
	0.679	
	1.57	
	0.852	
	0.13	
	1.1	
	-0.199	
	1.91	
	-1.31	
	-1.04	
	-0.012	
	-0.167	
	3.71	
	-2.26	
	-0.0157	
	-2.09	
	0.806	
	0.0929	
	-0.196	
	-1.44	
	-1.24	
	-1.83	
	0.94	
	0.548	
	-0.839	
	0.335	
	1.62	
	0.463	
	0.0134	
	-1.82	
	1.2	
	-3.88	
	3.08	
	1.71	
	0.535	
	-1.26	
	-3.69	
	1.36	
	0.271	
	0.465	
	2.65	
	-1.39	
	1.46	
	-2.84	
	2.06	
	1.23	
	2.26	
	0.258	
	-0.655	
	2.9	
	-1.34	
	3.2	
	-0.295	
	-1.32	
	1.62	
	-1.35	
	1.91	
	-0.841	
	-2.04	
	-0.776	
	0.385	
	0.535	
	0.506	
	0.555	
	-0.563	
	0.175	
	0.744	
	3.29	
	-1.58	
	-0.714	
	-1.16	
	2.16	
	-1.91	
	2.54	
	-0.337	
	-0.423	
	-2.07	
	-2.55	
	1.77	
	-2.22	
	1.39	
	2.38	
	0.259	
	-1.69	
	2.63	
	-1.26	
	1.98	
	0.989	
	-0.831	
	0.273	
	0.115	
	-1.41	
	-0.462	
	1.4	
	-2.54	
	1.08	
	-2.16	
	-1.55	
	-0.651	
	1.33	
	-2.72	
	-2.12	
	-0.909	
	-0.0935	
	-3.7	
	0.752	
	-0.447	
	1.04	
	-1.72	
	-1.78	
	0.955	
	-1.37	
	-3.14	
	0.535	
	0.66	
	1.73	
	-1.04	
	0.701	
	-1.15	
	-1.1	
	2.84	
	-1.12	
	0.393	
	-2.12	
	1	
	-0.0184	
	0.876	
	-1.44	
	-1.89	
	0.906	
	2.01	
	0.0566	
	0.392	
	-2.82	
	2.24	
	1.53	
	-2	
	1.12	
	1.6	
	-1.95	
	0.16	
	1.54	
	2.37	
	1.32	
	1.58	
	-1.34	
	-0.0696	
	0.0508	
	-2.51	
	1.59	
	1.22	
	0.62	
	-0.112	
	1.77	
	1.16	
	-1.09	
	-1.55	
	1.74	
	1.91	
	-1.37	
	-0.923	
	-1.31	
	-0.018	
	1.12	
	0.942	
	-2.36	
	0.312	
	-2.03	
	-2.67	
	2.54	
	-0.0926	
	1.59	
	0.0613	
	0.679	
	0.442	
	0.737	
	1.32	
	1.9	
	0.269	
	-0.56	
	0.378	
	2.76	
	1.16	
	-0.171	
	0.0737	
	0.951	
	2.05	
	-2.09	
	-0.494	
	0.813	
	2.37	
	-1.94	
	0.299	
	0.969	
	-2.17	
	1.25	
	-0.554	
	0.367	
	-1.45	
	0.54	
	-1.07	
	-0.165	
	1.06	
	-1.01	
	2.98	
	0.0764	
	-0.369	
	2.63	
	0.704	
	3.43	
	1.02	
	1.73	
	1.5	
	1.63	
	0.17	
	1.05	
	-1.34	
	1.45	
	-1.24	
	2.81	
	2.01	
	-0.00607	
	2.18	
	2	
	-1.37	
	-1.9	
	1.55	
	-0.855	
	-2.02	
	1.53	
	-0.293	
	-3.51	
	0.0828	
	0.628	
	-2.52	
	1.42	
	0.825	
	-0.583	
	0.188	
	-2.82	
	0.819	
	-0.922	
	-0.586	
	-1.45	
	-0.643	
	2	
	-1.19	
	0.873	
	-0.417	
	-1.8	
	0.177	
	-1.4	
	-1.52	
	2.6	
	0.0609	
	0.194	
	0.0494	
	0.885	
	-1.32	
	1.01	
	-1.76	
	0.815	
	-0.345	
	1.55	
	0.798	
	-1.02	
	3.18	
	-2.14	
	0.82	
	-1.97	
	-2	
	1.36	
	1.22	
	0.755	
	-1.12	
	1.13	
	-0.231	
	0.939	
	-1.15	
	1.87	
	0.978	
	-1.8	
	2.05	
	-3.04	
	-2.85	
	2.56	
	-1.57	
	-1.27	
	-0.676	
	-0.466	
	1.94	
	-0.518	
	3.94	
	-0.663	
	1.57	
	1.97	
	-0.404	
	-1.24	
	0.202	
	1.07	
	1.2	
	0.446	
	-2.73	
	2.44	
	0.384	
	1.01	
	-2.12	
	-1.26	
	-1.91	
	0.165	
	-2.54	
	0.319	
	-2.13	
	2.21	
	1.73	
	1.03	
	-1.63	
	-0.456	
	2.13	
	0.322	
	1.45	
	1.32	
	0.241	
	-1.34	
	0.342	
	-0.00137	
	2.07	
	2.06	
	-0.432	
	-0.0735	
	-2.5	
	-2.11	
	2.29	
	0.62	
	1.54	
	-1.25	
	-2.83	
	-1.33	
	-2.63	
	-1.4	
	0.0316	
	-0.748	
	0.863	
	-1.51	
	0.57	
	1.14	
	0.966	
	0.545	
	-0.0246	
	-2.89	
	-0.202	
	1.35	
	-0.0743	
	0.676	
	-1.52	
	-3.43	
	1.21	
	1.61	
	-2.28	
	0.0735	
	0.322	
	2.31	
	1.47	
	-0.245	
	1.45	
	1.79	
	0.386	
	1.29	
	-0.685	
	3.28	
	0.253	
	-1.41	
	-0.432	
	1.34	
	-1.36	
	-0.528	
	1.35	
	-2.55	
	0.257	
	-0.721	
	-0.629	
	-1.13	
	0.0281	
	-0.462	
	-0.649	
	4.7	
	0.681	
	-0.839	
	-1.6	
	0.0949	
	-0.677	
	0.55	
	1.13	
	-2.16	
	2.76	
	3.14	
	0.0946	
	1.06	
	0.312	
	-0.7	
	0.0267	
	-1.32	
	-1.94	
	1.34	
	3.45	
	-0.573	
	-2.11	
	3.6	
	-3.16	
	-0.717	
	-1.6	
	0.552	
	-2.36	
	2.29	
	2.31	
	-2.54	
	-2.08	
	0.239	
	1.65	
	-1	
	0.712	
	-0.502	
	-1.81	
	0.00305	
	0.525	
	-0.598	
	0.655	
	-0.264	
	1.76	
	-3.41	
	1.83	
	0.81	
	0.0489	
	1.37	
	1.67	
	0.812	
	2.69	
	2.9	
	-2.36	
	0.451	
	0.729	
	1.22	
	0.28	
	-1.11	
	2.56	
	-0.201	
	3.7	
	2.9	
	-0.586	
	-2.38	
	1.33	
	0.548	
	-0.303	
	-0.0676	
	2.98	
	-0.105	
	-2.21	
	-1.64	
	1.1	
	2.12	
	-1.26	
	-0.0268	
	-0.441	
	-0.0472	
	-0.234	
	0.126	
	0.522	
	1.9	
	3.34	
	2.04	
	-0.533	
	-0.154	
	-2.22	
	-1.39	
	-0.349	
	-0.638	
	0.458	
	1.72	
	0.359	
	-1.94	
	0.0655	
	0.173	
	1.05	
	1.92	
	-2.68	
	1.35	
	0.124	
	-0.522	
	-1.9	
	-1.86	
	-1	
	-1.91	
	1.45	
	-1.45	
	0.452	
	0.00601	
	-2.28	
	1.02	
	-0.989	
	-0.407	
	1.11	
	0.215	
	2.13	
	1.11	
	-1.64	
	2.46	
	3.06	
	0.447	
	-1.59	
	2.78	
	1.08	
	1.43	
	-0.23	
	0.178	
	1.65	
	-2.76	
	0.0609	
	1.16	
	0.865	
	1.36	
	0.54	
	-0.117	
	-1.24	
	1.28	
	0.917	
	-0.0857	
	3.15	
	1.39	
	-2.66	
	2.41	
	0.892	
	0.648	
	-2.18	
	3.46	
	1.35	
	0.268	
	3.23	
	-1.68	
	-1.63	
	1.26	
	0.0184	
	0.234	
	1.67	
	1.38	
	-2.56	
	0.0285	
	-1.82	
	1.59	
	-1.96	
	0.112	
	-0.731	
	0.869	
	1.68	
	-1.42	
	1.52	
	2.13	
	-0.873	
	-3.31	
	1.48	
	-1.89	
	-0.47	
	-1.13	
	-0.946	
	-0.729	
	1.77	
	1.15	
	-1.28	
	-0.695	
	-1.7	
	1.31	
	-1.09	
	1.13	
	1.96	
	2.21	
	0.231	
	1.34	
	-1.06	
	1.96	
	1.63	
	-2.03	
	-1.86	
	-1.52	
	0.645	
	1.72	
	0.586	
	1.42	
	1.53	
	-1.77	
	3.35	
	1.12	
	0.0904	
	0.995	
	1.46	
	-1.64	
	-0.744	
	0.391	
	-0.202	
	-0.211	
	0.446	
	-0.402	
	-2.52	
	-0.758	
	2.31	
	-1.23	
	-1.38	
	-1.61	
	1.09	
	-1.19	
	-0.818	
	-0.313	
	-1.4	
	0.116	
	-3.04	
	-0.581	
	-1.41	
	1.23	
	1.21	
	1.86	
	4.04	
	2.69	
	0.963	
	1.72	
	1.84	
	-0.998	
	-2.37	
	-1.87	
	-0.974	
	-0.356	
	-0.107	
	-2.3	
	-3.22	
	2.21	
	3.45	
	1.79	
	-3.22	
	-1.63	
	0.592	
	0.458	
	0.139	
	-0.852	
	-1.37	
	0.195	
	0.236	
	3.48	
	0.292	
	0.533	
	0.277	
	-2.29	
	1.27	
	0.985	
	-0.77	
	-1.38	
	-0.764	
	3.83	
	0.348	
	1.41	
	-1.03	
	1.38	
	1.96	
	-2.03	
	-1.38	
	-2.54	
	1.86	
	0.714	
	-1.12	
	-2.85	
	-0.333	
	2.58	
	0.358	
	0.11	
	0.153	
	-1.24	
	-1.55	
	-0.768	
	1.33	
	-0.286	
	0.185	
	0.215	
	-3.02	
	2.68	
	0.0916	
	1.75	
	1.7	
	1.09	
	1.8	
	-1.36	
	-2.79	
	1.71	
	1.24	
	-0.0119	
	2.06	
	-0.252	
	-1.59	
	-0.495	
	-1.91	
	1.43	
	0.459	
	0.617	
	1.22	
	-0.592	
	0.243	
	0.876	
	0.373	
	0.763	
	3.06	
	-1.19	
	-3.09	
	0.0854	
	0.0974	
	-0.289	
	1.31	
	0.726	
	2.39	
	-2.47	
	-0.552	
	1.98	
	0.111	
	-1.09	
	-0.51	
	0.631	
	0.376	
	-0.0929	
	1.8	
	0.85	
	-0.33	
	0.851	
	-0.818	
	-3.44	
	-0.787	
	-0.543	
	-0.149	
	-0.285	
	2.01	
	0.367	
	-0.578	
	-2.06	
	-2.41	
	-0.712	
	-0.957	
	0.699	
	-0.00508	
	-3.03	
	-1.81	
	1.33	
	1.49	
	-0.059	
	0.571	
	-0.97	
	1.78	
	-1.1	
	-1.05	
	1.67	
	0.715	
	-0.164	
	0.254	
	3.32	
	0.515	
	-0.124	
	-0.956	
	-0.811	
	-0.355	
	-1.4	
	1.45	
	-2.75	
	0.315	
	0.00424	
	2.57	
	2.2	
	1.52	
	1.22	
	0.0431	
	3.21	
	1.91	
	0.00329	
	1.03	
	-2.08	
	-0.32	
	3.45	
	1.69	
	0.185	
	2.97	
	0.505	
	0.443	
	0.339	
	1.88	
	0.962	
	-1.65	
	-1.34	
	-1.56	
	1.56	
	-1.39	
	1.99	
	0.776	
	1.62	
	-1.21	
	-0.226	
	0.853	
	0.412	
	2	
	-0.684	
	-1.51	
	-2.51	
	-2.95	
	-0.775	
	1.53	
	-0.275	
	-2.3	
	-1.94	
	-0.00801	
	-0.0947	
	0.093	
	-0.214	
	1.88	
	-0.623	
	0.21	
	4.1	
	-1.32	
	0.614	
	-0.814	
	-0.0507	
	-1.16	
	1.37	
	-1.39	
	-1.97	
	-1.37	
	-2.36	
	-1.35	
	1.38	
	-1.94	
	-1.27	
	-1.28	
	-1.1	
	-2.38	
	1.61	
	0.464	
	0.28	
	-0.293	
	2.73	
	0.217	
	1.45	
	3.44	
	1.1	
	-0.691	
	0.446	
	-0.41	
	-1.08	
	-0.786	
	1.44	
	-2.26	
	1.01	
	1.85	
	-0.701	
	-3.23	
	2.49	
	1.29	
	1.64	
	1.19	
	-0.145	
	1.01	
	0.223	
	0.996	
	0.696	
	0.428	
	1.85	
	2.26	
	-0.814	
	-1.38	
	-1.74	
	1.48	
	-0.281	
	2.34	
	1.9	
	-1.42	
	3.89	
	1.01	
	-1.6	
	2.96	
	1.68	
	-2.43	
	0.435	
	1.65	
	-2	
	0.945	
	0.836	
	-0.298	
	2.4	
	-0.125	
	1.34	
	-2.35	
	-1.87	
	0.358	
	-0.905	
	0.00178	
	2.57	
	-2.43	
	-1.4	
	-0.8	
	-0.442	
	-0.0734	
	-2.07	
	1.37	
	1.38	
	0.428	
	-1.78	
	-0.654	
	-1.08	
	0.985	
	-1.21	
	-1.1	
	0.192	
	-0.952	
	-0.566	
	3.65	
	1.09	
	2.73	
	1.59	
	0.966	
	-2.04	
	2.06	
	-1.5	
	-1.94	
	-3.19	
	2.25	
	0.135	
	0.352	
	-2.34	
	0.687	
	-3.13	
	-0.0236	
	-1.61	
	-0.78	
	-0.698	
	-0.84	
	-0.698	
	0.682	
	0.696	
	-0.0398	
	-2.44	
	0.692	
	-0.739	
	1.88	
	-1.27	
	-0.16	
	-0.212	
	0.787	
	-0.45	
	2	
	-2.95	
	-0.824	
	-2.24	
	-3.48	
	1.34	
	0.341	
	-0.236	
	-1.79	
	1.45	
	0.0924	
	2.68	
	-2.01	
	-1.37	
	1.44	
	0.0208	
	-0.385	
	-0.721	
	-2.59	
	-1.95	
	-1.22	
	-0.784	
	0.0206	
	0.176	
	-0.479	
	0.547	
	2.16	
	0.399	
	-0.587	
	-0.77	
	2.06	
	0.236	
	2.19	
	1.83	
	0.654	
	0.95	
	-2.83	
	-1.12	
	3.14	
	-0.138	
	1.52	
	2.15	
	-2.06	
	-2.47	
	1.97	
	-0.916	
	1.31	
	-2.44	
	-2.11	
	1.6	
	-2.16	
	-0.79	
	-0.939	
	1.44	
	0.448	
	-1.14	
	-1.09	
	1.37	
	0.874	
	2.97	
	1.66	
	-0.956	
	-1.38	
	0.969	
	-0.022	
	1.54	
	0.765	
	-0.997	
	-0.68	
	-2.66	
	-4.23	
	-0.38	
	-0.571	
	1.31	
	2.14	
	1.49	
	-2.08	
	-0.158	
	-2.4	
	-1.24	
	1.6	
	-1.92	
	1.97	
	-0.624	
	-1.69	
	0.181	
	0.466	
	0.604	
	-0.186	
	0.156	
	1.25	
	1.31	
	-1.54	
	3.09	
	0.868	
	1.53	
	0.347	
	-0.685	
	0.604	
	-1.23	
	0.4	
	1.65	
	-1.04	
	2.04	
	2.2	
	1.12	
	1.59	
	2.66	
	1.32	
	0.293	
	0.233	
	0.89	
	0.156	
	1.69	
	-0.225	
	-0.499	
	1.38	
	-1.48	
	0.501	
	-0.19	
	-0.13	
	0.863	
	0.000787	
	0.774	
	-1.26	
	1.16	
	-0.565	
	-0.756	
	1	
	-1.36	
	0.886	
	1.49	
	2.36	
	-0.946	
	-0.504	
	-0.374	
	-0.101	
	-0.639	
	-2.36	
	-1.43	
	2.23	
	1.49	
	0.0791	
	-3.4	
	-2.14	
	-0.713	
	-1.15	
	0.856	
	-1.23	
	1.76	
	-1.35	
	-1.14	
	-1.81	
	-1.05	
	2.33	
	0.196	
	1.66	
	0.237	
	0.687	
	1.84	
	-1.95	
	-1.19	
	0.307	
	-2.49	
	1.75	
	-0.936	
	-0.361	
	1.42	
	2.85	
	-2.29	
	0.765	
	2.05	
	2.94	
	-0.856	
	0.505	
	2.93	
	-2.38	
	0.738	
	-2.82	
	-2.42	
	-2.77	
	-1.24	
	-2.77	
	0.53	
	0.152	
	-1.65	
	-2.99	
	-2.09	
	-1.94	
	0.941	
	0.556	
	1.92	
	-1.59	
	0.172	
	1.33	
	0.0956	
	0.769	
	2.19	
	-1.6	
	1.09	
	-2.21	
	1.54	
	2.81	
	-0.752	
	1.03	
	-2.15	
	3.02	
	-0.881	
	-0.832	
	3.15	
	-2.66	
	-1.63	
	0.189	
	-0.176	
	-1.9	
	-1.19	
	-3.95	
	1.54	
	1.82	
	0.445	
	0.109	
	1.85	
	0.788	
	2.48	
	-0.433	
	0.0728	
	1.26	
	-0.21	
	1.87	
	-1.22	
	-0.167	
	1.48	
	-1.18	
	-1.42	
	-1.92	
	-0.983	
	-0.576	
	0.454	
	-0.256	
	1.23	
	0.217	
	0.0119	
	1.43	
	0.423	
	-1.01	
	-0.609	
	1.73	
	0.238	
	0.893	
	-2.4	
	2.17	
	2.19	
	2.47	
	1.09	
	-0.0372	
	-2.29	
	0.411	
	-1.11	
	0.313	
	-0.568	
	-0.265	
	-1.18	
	2.87	
	0.244	
	-0.242	
	1.55	
	-0.75	
	-0.225	
	-1.49	
	0.689	
	-1.71	
	-0.252	
	-2.48	
	1.74	
	-2.8	
	-1.89	
	1.39	
	-1.05	
	2.36	
	1.41	
	-0.107	
	0.136	
	0.186	
	-2.35	
	-2.18	
	-0.855	
	-0.721	
	1.56	
	1.15	
	-4.12	
	-0.809	
	0.132	
	-0.453	
	3.51	
	0.57	
	0.475	
	1.88	
	-2.16	
	1.14	
	2.02	
	1.15	
	1.12	
	-1.98	
	-0.459	
	-1.57	
	1.24	
	2.02	
	-2.52	
	-0.681	
	-0.0106	
	-1.19	
	-0.708	
	0.23	
	0.764	
	0.873	
	-0.767	
	1.05	
	-0.114	
	-1.16	
	-0.97	
	-1.09	
	-0.899	
	-1.46	
	0.857	
	1.68	
	-0.794	
	-1.26	
	-1.08	
	1.28	
	-0.904	
	1.57	
	0.381	
	0.995	
	3.97	
	-0.891	
	1.84	
	2.49	
	1.12	
	0.849	
	1.66	
	1.86	
	-1.75	
	-2.32	
	3.7	
	-1.99	
	1.15	
	2.25	
	-1.05	
	-0.876	
	-1.79	
	-1.7	
	0.771	
	0.276	
	3.2	
	0.982	
	0.229	
	-0.0595	
	1.24	
	-1.95	
	1.22	
	-2.99	
	1.28	
	-2.18	
	2.64	
	0.767	
	-1.02	
	0.481	
	-1.16	
	-1.48	
	-0.644	
	-0.865	
	0.0919	
	-0.345	
	1.26	
	2.51	
	-1.92	
	2.98	
	0.336	
	0.932	
	1.31	
	-0.387	
	-1.89	
	-2.65	
	-0.973	
	-0.364	
	-0.641	
	-3.3	
	1.27	
	-1.23	
	1	
	-1.66	
	1.2	
	0.906	
	1.95	
	-1.4	
	-2.38	
	0.462	
	-0.619	
	-1.13	
	1.04	
	0.962	
	0.797	
	0.741	
	2.54	
	0.583	
	-0.973	
	0.511	
	1.41	
	0.278	
	0.883	
	-0.288	
	-2.53	
	0.698	
	1.2	
	0.958	
	2.29	
	1.5	
	0.165	
	0.648	
	-0.178	
	1.24	
	-0.759	
	0.115	
	-0.127	
	0.51	
	2.14	
	-0.364	
	-0.286	
	-0.285	
	1.71	
	0.243	
	1.9	
	-2.49	
	1.8	
	1.06	
	-0.976	
	-1.49	
	1.06	
	0.324	
	-1.09	
	0.707	
	2.23	
	-2.26	
	-0.736	
	-0.096	
	1.59	
	0.245	
	0.111	
	-0.817	
	2.13	
	-0.785	
	-2.87	
	2.26	
	0.139	
	-2	
	-3.67	
	1.74	
	0.56	
	-0.662	
	0.0641	
	-2.11	
	-0.2	
	1.71	
	-0.657	
	0.236	
	-1.41	
	-2.85	
	-1.36	
	1.41	
	-0.654	
	0.218	
	-2.53	
	0.92	
	-1.34	
	-2.29	
	-1.74	
	3.42	
	1.48	
	-1.58	
	-0.106	
	0.207	
	-3.96	
	-1.3	
	0.905	
	-0.275	
	0.0427	
	-1.34	
	0.416	
	-1.72	
	2.23	
	3.18	
	0.869	
	-4.04	
	-1.36	
	1.22	
	-1.15	
	1.03	
	0.364	
	-0.857	
	1.38	
	-0.995	
	-0.144	
	1.08	
	0.775	
	2.05	
	1.84	
	-2.36	
	1.54	
	-2.9	
	0.615	
	-0.0183	
	-1.83	
	-1.37	
	-0.233	
	1.52	
	-1.44	
	-0.738	
	-1.73	
	0.513	
	3.22	
	1.59	
	-1.23	
	1.57	
	-2.56	
	0.658	
	-3.48	
	-1.82	
	1.37	
	-1.61	
	0.315	
	0.126	
	-0.808	
	2.58	
	2.44	
	1.59	
	-0.512	
	2.52	
	3.06	
	0.924	
	1.36	
	-0.457	
	1.94	
	-1.35	
	-0.869	
	0.423	
	2.49	
	-0.182	
	-1.8	
	-3.55	
	0.524	
	0.489	
	1.37	
	0.369	
	0.819	
	2.51	
	-0.705	
	-0.166	
	2.18	
	1.29	
	-3.21	
	2.61	
	1.62	
	0.989	
	3.58	
	-2.66	
	0.405	
	-0.19	
	-1.41	
	-0.319	
	0.836	
	-1.12	
	0.296	
	1.05	
	-2.05	
	-0.822	
	2.27	
	2.96	
	1.06	
	1.64	
	-1.39	
	0.18	
	-0.0473	
	4.76	
	0.583	
	1.26	
	1.76	
	0.704	
	-2.6	
	0.846	
	-2.05	
	0.121	
	1.4	
	0.349	
	0.8	
	0.512	
	-1.43	
	-2.95	
	-0.876	
	-0.67	
	0.127	
	-0.833	
	1.16	
	-1.7	
	-1.24	
	0.000963	
	0.546	
	-0.644	
	-3.39	
	1.39	
	-1.6	
	0.373	
	1.48	
	0.234	
	-3.1	
	-0.668	
	-0.203	
	0.766	
	0.916	
	-1.18	
	0.283	
	-2.15	
	-0.157	
	1.58	
	-0.961	
	1.88	
	-0.399	
	-1.05	
	-0.922	
	2.38	
	-0.0209	
	0.174	
	0.561	
	0.85	
	1.41	
	0.455	
	1.12	
	-2	
	-2.23	
	1.96	
	3.1	
	0.345	
	1.69	
	0.334	
	-1.21	
	-0.933	
	-0.751	
	-2.06	
	2.72	
	0.616	
	-1.79	
	-1.64	
	-0.399	
	-2.34	
	4.08	
	-0.47	
	-2.9	
	2.02	
	-0.612	
	-0.655	
	0.268	
	-0.18	
	0.176	
	1.06	
	1.11	
	-1.85	
	-3.18	
	-2.26	
	-3.35	
	1.33	
	0.987	
	2.42	
	-0.441	
	0.699	
	4.06	
	-1.17	
	-0.671	
	-2.03	
	0.456	
	2.28	
	-0.959	
	0.108	
	-2.44	
	1.62	
	0.432	
	0.802	
	-1.95	
	0.727	
	-1.97	
	1.01	
	-1.58	
	3.14	
	-0.108	
	-3.19	
	-3.02	
	2.2	
	-0.635	
	3.15	
	0.381	
	-1	
	-1.65	
	-0.712	
	0.709	
	1.82	
	2.25	
	-0.688	
	-1.4	
	0.445	
	-2.01	
	1.38	
	3.46	
	-1.83	
	-0.703	
	-0.972	
	-2.72	
	1.93	
	-2.16	
	2.09	
	0.543	
	1.86	
	2.48	
	1.76	
	0.707	
	-1.04	
	1.03	
	-0.723	
	1.18	
	-0.624	
	0.61	
	2.8	
	1.54	
	1.51	
	2.68	
	-1.59	
	0.694	
	1.06	
	0.668	
	2.95	
	-1.26	
	-1.02	
	2.66	
	2.34	
	0.493	
	-1.5	
	-2.88	
	-1.04	
	-1.22	
	-1.79	
	-2.99	
	-0.114	
	-2.18	
	1.15	
	-0.857	
	-1.53	
	1.2	
	-0.125	
	-2.22	
	1.96	
	-3.23	
	-1.35	
	1.91	
	-0.441	
	1.16	
	1.29	
	0.372	
	2.25	
	0.316	
	0.361	
	0.151	
	-1.58	
	1.53	
	0.406	
	-1.1	
	0.391	
	-0.164	
	-2.48	
	-0.578	
	1.2	
	1.86	
	-0.00577	
	-2.33	
	-0.284	
	1.18	
	2.3	
	-1	
	-1.82	
	-0.795	
	-0.0788	
	-0.955	
	-1.35	
	1.19	
	0.374	
	0.292	
	0.678	
	0.251	
	-0.241	
	1.7	
	-1.1	
	0.477	
	1.75	
	0.29	
	2.33	
	-2.77	
	1.47	
	2.24	
	-1.25	
	-0.109	
	1.4	
	2.44	
	-0.055	
	0.0969	
	-2.58	
	-0.698	
	2.09	
	0.129	
	2.08	
	0.651	
	-0.993	
	-0.255	
	-2.31	
	-1.24	
	0.847	
	-1.33	
	0.93	
	-1.51	
	1.29	
	-1.2	
	1.55	
	-0.494	
	1.8	
	1.69	
	0.874	
	1.54	
	-1.78	
	0.391	
	-1.05	
	1.21	
	-1.21	
	0.909	
	-0.189	
	-0.689	
	1.03	
	0.976	
	-1.72	
	1.22	
	2.13	
	0.641	
	-1.61	
	1.44	
	0.607	
	-0.189	
	-0.431	
	-0.908	
	1.99	
	1.53	
	-0.692	
	-2.36	
	1.41	
	0.251	
	-1.56	
	2.5	
	2.45	
	-2.2	
	1.49	
	-4.89	
	1.15	
	1.85	
	-0.401	
	-1.77	
	0.808	
	1.95	
	1.3	
	-1.98	
	0.525	
	2.26	
	4.51	
	-2.79	
	-2.11	
	-1.78	
	-0.507	
	3.64	
	3.36	
	0.0226	
	2.54	
	-0.206	
	-0.212	
	0.931	
	1.55	
	0.956	
	1.09	
	1.48	
	1.95	
	1.05	
	1.05	
	1.05	
	-1.8	
	-0.0483	
	-3.87	
	0.495	
	1.54	
	-0.613	
	1.07	
	-0.273	
	-2.43	
	-0.204	
	-1.66	
	-1.43	
	-2.63	
	0.506	
	3.06	
	0.516	
	-0.4	
	0.0881	
	-1.44	
	4.18	
	1.23	
	-0.874	
	0.68	
	0.141	
	-1.06	
	1.49	
	-2.3	
	1.28	
	0.593	
	-3.02	
	1.47	
	1.99	
	0.81	
	0.879	
	0.403	
	-2.11	
	1.19	
	-0.523	
	0.0377	
	-0.2	
	0.888	
	0.377	
	2.27	
	-1.99	
	-0.21	
	-1.52	
	1.36	
	-1.21	
	-4.27	
	-0.918	
	-2.41	
	-2.54	
	-0.455	
	-2.06	
	-2.8	
	0.654	
	2.66	
	-0.254	
	3.12	
	0.191	
	1.91	
	-3.4	
	0.636	
	-1.66	
	2.67	
	-1.38	
	2.02	
	3.31	
	-0.966	
	0.39	
	0.53	
	-1.41	
	0.758	
	-2.39	
	0.381	
	-1.19	
	0.0762	
	-2.29	
	1.21	
	0.365	
	0.553	
	1.65	
	-1.22	
	-0.843	
	-2.19	
	0.378	
	0.896	
	1.08	
	1.24	
	1.56	
	-2.64	
	-1.63	
	2.65	
	-0.336	
	-1.07	
	-2.2	
	-1.38	
	0.721	
	0.731	
	2.52	
	-0.368	
	-0.743	
	0.785	
	-1.7	
	2.19	
	-0.465	
	-0.391	
	0.00357	
	1.91	
	1.11	
	-0.308	
	0.392	
	0.883	
	1.15	
	-1.64	
	-1.25	
	1.64	
	-2.29	
	-0.23	
	0.827	
	-1.03	
	-0.852	
	-3.07	
	-1.45	
	-0.982	
	-2.65	
	0.281	
	1.95	
	0.0932	
	-1.82	
	-0.878	
	0.746	
	-0.305	
	-2.7	
	1.96	
	-0.407	
	-1.05	
	-0.554	
	2.25	
	2.16	
	0.0641	
	2.27	
	-0.833	
	0.477	
	-2.61	
	-0.663	
	-1.11	
	-0.818	
	-1.42	
	-1.22	
	-1.55	
	-1.65	
	0.448	
	0.494	
	0.0167	
	1.63	
	2.84	
	-1.04	
	1.78	
	1.34	
	3.59	
	1.08	
	-0.692	
	0.923	
	0.42	
	-1.42	
	-0.767	
	0.0255	
	-1.73	
	2.99	
	0.932	
	0.537	
	0.0834	
	-3.91	
	1.59	
	-0.0361	
	1.93	
	0.992	
	1.46	
	-0.693	
	-0.704	
	1.56	
	1.74	
	-1.65	
	-0.848	
	2.2	
	2.03	
	-0.0816	
	-0.898	
	0.399	
	-0.226	
	-1.37	
	1.15	
	-1.32	
	0.687	
	-0.416	
	-3.01	
	0.559	
	1.89	
	-2.58	
	1.2	
	-3.8	
	-2.98	
	-1.81	
	-1.29	
	0.177	
	-0.977	
	0.24	
	-1.42	
	-0.498	
	-0.284	
	0.374	
	0.974	
	0.471	
	1.69	
	0.829	
	-0.513	
	-2.61	
	0.059	
	1.33	
	-2.79	
	0.0302	
	2.37	
	-2.2	
	-0.591	
	0.95	
	0.303	
	1.09	
	0.854	
	0.631	
	-3.14	
	0.795	
	-0.99	
	0.373	
	1.25	
	1.64	
	0.242	
	2.03	
	1.68	
	-0.993	
	-2.3	
	1.65	
	-1.03	
	0.416	
	0.835	
	-0.755	
	3.52	
	0.0283	
	0.308	
	-1.62	
	1.29	
	2.31	
	2.66	
	-0.31	
	-0.107	
	0.852	
	1.22	
	0.743	
	0.261	
	1.94	
	0.883	
	-0.0418	
	1.69	
	-0.262	
	-0.455	
	1.94	
	-0.392	
	-0.69	
	1.94	
	1.87	
	-1.01	
	-0.569	
	1.49	
	0.321	
	0.608	
	0.56	
	3.58	
	2.69	
	1.41	
	0.115	
	0.259	
	0.655	
	-1.56	
	-1.11	
	0.425	
	-0.59	
	0.0808	
	1.83	
	2.91	
	-0.0119	
	-0.378	
	-0.76	
	0.658	
	0.949	
	0.703	
	0.332	
	0.538	
	1.38	
	1.07	
	-2.57	
	-0.924	
	-1.07	
	-0.0847	
	-0.797	
	1.73	
	-1.98	
	-0.119	
	-1.39	
	-1.85	
	-1.71	
	0.708	
	1.89	
	-1.88	
	-2.37	
	-1.55	
	-2.64	
	-0.896	
	1.25	
	-0.886	
	-2.45	
	-2.2	
	0.983	
	-2.59	
	-1.28	
	-1.08	
	-2.9	
	-2.35	
	2.59	
	-1.34	
	1.99	
	1.82	
	-1.1	
	3.96	
	0.186	
	-0.974	
	-1.78	
	3.62	
	1.11	
	-1.6	
	0.299	
	-1.55	
	1.68	
	0.361	
	-1.13	
	-0.742	
	0.17	
	2.17	
	0.573	
	-1.61	
	-1.43	
	1.61	
	2.48	
	2.49	
	2.62	
	-1.48	
	2.22	
	-1.21	
	2.27	
	-1.74	
	-0.992	
	-2.18	
	-1.58	
	-1.64	
	0.989	
	1.06	
	-0.521	
	2.48	
	1.71	
	1.23	
	-2.87	
	2.63	
	3.3	
	1.07	
	1.17	
	-2.19	
	3.8	
	2.99	
	-0.54	
	-0.223	
	1.16	
	0.763	
	-1.11	
	2.75	
	-2.59	
	-0.489	
	2.22	
	3.63	
	2.38	
	-0.407	
	0.882	
	-0.335	
	2.51	
	1.44	
	1	
	-1.31	
	0.892	
	-2.21	
	0.486	
	2.36	
	0.878	
	-1.73	
	1.77	
	0.452	
	0.519	
	-0.384	
	1.15	
	0.432	
	-0.258	
	-0.182	
	0.00114	
	-1.07	
	2.91	
	-2.45	
	-0.514	
	-0.12	
	-0.961	
	-1.02	
	-1.59	
	-2.56	
	-0.388	
	-2.25	
	0.563	
	0.847	
	-1.84	
	2.08	
	0.433	
	-1.28	
	0.0461	
	-1.63	
	0.463	
	3.49	
	-0.354	
	0.865	
	-2.02	
	-2.94	
	-0.0419	
	-0.676	
	0.333	
	-1.07	
	1.79	
	-0.831	
	0.0981	
	-1.13	
	-0.393	
	-2.53	
	1.59	
	-0.487	
	-0.58	
	-1.43	
	-1.06	
	2.17	
	1.52	
	1.12	
	-0.616	
	0.245	
	-0.444	
	-0.318	
	-0.0881	
	0.236	
	1.78	
	1.33	
	0.65	
	-0.295	
	0.556	
	-1.57	
	-1.33	
	-0.561	
	1.31	
	-0.677	
	0.169	
	1.63	
	1.35	
	0.4	
	-2.09	
	-1.81	
	0.48	
	0.211	
	-1.78	
	-0.628	
	-2.86	
	-1.46	
	0.266	
	-1.16	
	1.89	
	-0.693	
	2.78	
	0.066	
	0.918	
	-3.16	
	-1.94	
	-1.39	
	-1.49	
	0.255	
	1.7	
	1.43	
	0.238	
	-1.7	
	-0.434	
	-1.93	
	-2.39	
	-1.63	
	2.38	
	0.942	
	-0.85	
	-0.313	
	1.83	
	-1.26	
	1.28	
	3.43	
	0.594	
	1.02	
	0.839	
	0.984	
	-1.18	
	0.266	
	0.742	
	1.57	
	-0.257	
	0.247	
	2.08	
	1.48	
	0.197	
	2.18	
	-1.77	
	-0.435	
	1.99	
	3.61	
	0.552	
	-0.53	
	3.17	
	1.76	
	-0.512	
	-1.63	
	0.0345	
	-2.56	
	-2.82	
	0.804	
	0.561	
	-0.791	
	-2.91	
	-2.28	
	-2.36	
	-1.48	
	2.93	
	-1.24	
	1.22	
	-1.5	
	1.31	
	1.51	
	1.57	
	-1.13	
	3.09	
	-0.633	
	-1.51	
	2.86	
	0.932	
	-0.514	
	1.43	
	0.682	
	0.174	
	0.245	
	3.27	
	-0.793	
	-1.26	
	-1.47	
	2	
	1.19	
	0.274	
	-0.921	
	-0.721	
	-2.26	
	2.1	
	-0.443	
	-0.472	
	0.572	
	1.05	
	0.841	
	-0.405	
	-1.17	
	1.57	
	0.152	
	-2.28	
	2.82	
	1.25	
	0.0173	
	0.146	
	-2.26	
	-3.1	
	2.49	
	-1.78	
	0.727	
	-0.867	
	-0.656	
	-2.25	
	-0.233	
	-1.61	
	1.45	
	-1.28	
	0.0209	
	-2.23	
	-0.603	
	2.24	
	-2.09	
	-0.0929	
	-2.82	
	-0.155	
	-0.317	
	1.17	
	-0.0395	
	2.36	
	0.376	
	-0.289	
	-2.16	
	0.46	
	1.67	
	-1.41	
	-1.23	
	1.71	
	-1.83	
	0.0535	
	1.03	
	0.593	
	-1.16	
	1.02	
	-2.62	
	1.95	
	-0.21	
	-1.52	
	0.784	
	-3.13	
	1.68	
	2.38	
	1.03	
	-3.24	
	1.49	
	0.155	
	0.108	
	1.13	
	0.691	
	-0.923	
	1.89	
	-0.151	
	-1.14	
	1.12	
	1.21	
	1.63	
	-0.154	
	-2.83	
	-0.702	
	2.62	
	-3.53	
	1.44	
	1.89	
	-2.65	
	-0.108	
	-2.2	
	-1.9	
	-0.236	
	-1.06	
	-0.425	
	-2.64	
	-1.61	
	2.95	
	-1.83	
	-0.825	
	0.279	
	-1.97	
	-3.52	
	-0.932	
	-0.147	
	-1.05	
	1.61	
	0.467	
	2.19	
	-1.23	
	-3.2	
	2.62	
	-0.361	
	1.11	
	-1.67	
	1.34	
	0.25	
	-2.16	
	2.06	
	-1.35	
	-0.455	
	0.739	
	2.5	
	1.87	
	1.3	
	0.468	
	1.92	
	-2.13	
	1.15	
	-0.0683	
	-0.373	
	-0.7	
	-4.12	
	0.541	
	0.41	
	0.722	
	-0.128	
	-1.32	
	-0.678	
	0.178	
	-0.969	
	2.68	
	2.16	
	1.44	
	0.631	
	-0.703	
	-1.65	
	3.5	
	1.33	
	-1.12	
	-1.29	
	0.77	
	1.45	
	-1.46	
	2.09	
	1.72	
	2.92	
	0.24	
	-1.15	
	-1.84	
	2.83	
	-0.297	
	1.8	
	-0.179	
	3	
	-3.24	
	1.48	
	-1.33	
	-0.24	
	1.65	
	-1.68	
	-1.42	
	1.78	
	-1.78	
	-1.93	
	-0.254	
	-0.59	
	0.998	
	0.456	
	0.378	
	0.551	
	-0.752	
	0.127	
	0.681	
	-0.203	
	-2.13	
	-0.671	
	-1.05	
	0.411	
	0.118	
	-0.744	
	-0.787	
	-1.99	
	-1.08	
	-0.368	
	-0.279	
	-1.05	
	-0.14	
	2.67	
	-0.127	
	-0.984	
	-3.44	
	0.403	
	2.73	
	-1.15	
	1.93	
	0.874	
	1.02	
	1.67	
	2.64	
	-3.78	
	1.45	
	-2.69	
	0.289	
	-1.82	
	2.47	
	-0.72	
	-1.17	
	-1.96	
	1.53	
	-1.78	
	-3.1	
	-1.22	
	-0.955	
	-1.15	
	2.22	
	-1.5	
	-0.0374	
	1.71	
	1.14	
	-0.286	
	-0.571	
	1.29	
	1.32	
	-2.48	
	-0.749	
	-0.298	
	2.29	
	0.197	
	0.998	
	2.83	
	3.25	
	1.03	
	1.43	
	-0.493	
	1.63	
	-0.0751	
	-0.657	
	0.498	
	-1.69	
	-0.308	
	-0.736	
	-2.48	
	1.53	
	1.14	
	2.86	
	2.97	
	3.17	
	-1.91	
	2.06	
	-0.445	
	3.18	
	2.81	
	0.155	
	2.4	
	0.259	
	0.322	
	-0.0358	
	1.68	
	0.399	
	0.462	
	-0.543	
	2.07	
	1.84	
	2.79	
	-0.924	
	1.8	
	1.94	
	1.58	
	0.883	
	1.09	
	-3.42	
	0.759	
	1.43	
	-0.392	
	0.04	
	0.473	
	1.38	
	-0.923	
	-1.32	
	0.196	
	0.183	
	2.27	
	-1.48	
	0.17	
	-0.212	
	-2.51	
	-1.62	
	1.88	
	-0.357	
	-1.93	
	1.65	
	-0.513	
	-1.23	
	2.42	
	-2.34	
	-1.45	
	-0.447	
	0.112	
	-2.29	
	0.933	
	-0.385	
	2.27	
	2.61	
	-1.15	
	-0.608	
	-1.38	
	1.48	
	-0.229	
	-2.81	
	-1.41	
	-0.584	
	0.126	
	1.57	
	0.639	
	-0.414	
	0.017	
	-1.1	
	0.00104	
	0.299	
	0.366	
	-3	
	1.27	
	0.474	
	0.557	
	-1.6	
	0.759	
	1.5	
	0.327	
	-0.122	
	1.43	
	-2.76	
	-0.713	
	-2.21	
	1.12	
	-1.38	
	2.78	
	-0.134	
	-1.53	
	2.42	
	0.519	
	-1.7	
	2.67	
	-0.325	
	0.312	
	2.04	
	0.939	
	2.88	
	0.405	
	-0.975	
	-0.687	
	0.00241	
	1.44	
	0.475	
	1.93	
	-2.22	
	-0.658	
	1.12	
	0.053	
	0.154	
	-2.92	
	-1.97	
	0.819	
	-1.61	
	0.796	
	0.853	
	-2.8	
	3.21	
	0.471	
	1.55	
	-1.29	
	1.37	
	-4.22	
	0.03	
	-1.14	
	1.3	
	-0.882	
	-2.82	
	-1.73	
	-1.94	
	-1.15	
	1.66	
	-0.334	
	-1.47	
	-2.4	
	1.16	
	0.106	
	1.87	
	-3.14	
	0.749	
	-1.33	
	1.8	
	1.21	
	-0.983	
	-0.295	
	-0.0305	
	-0.848	
	-2.93	
	0.135	
	-1.48	
	-1.48	
	0.879	
	1.5	
	0.301	
	0.559	
	-0.419	
	1.83	
	0.594	
	-1.31	
	-2.48	
	1.42	
	1.98	
	-3.15	
	1.92	
	0.894	
	0.258	
	1.06	
	1.94	
	-2.49	
	-1.95	
	-2.61	
	1.94	
	-0.271	
	2.56	
	0.792	
	-0.547	
	1.95	
	-0.184	
	-1.86	
