	-0.255	
	2.11	
	0.814	
	-0.942	
	-0.275	
	-0.617	
	-1.88	
	2.21	
	-1.16	
	-2.56	
	-0.0856	
	-1.32	
	0.416	
	-0.0275	
	-1.77	
	-1.13	
	-1.83	
	1.03	
	-2.19	
	-1.21	
	-1.16	
	1.15	
	-0.622	
	-3.33	
	-0.772	
	2.66	
	-1.99	
	-1.41	
	1.06	
	-1.71	
	-0.625	
	0.871	
	-0.353	
	1.29	
	2.59	
	2.22	
	0.351	
	-2.85	
	2.72	
	-3.92	
	0.48	
	4.6	
	0.338	
	-2.13	
	2.95	
	-0.255	
	-0.126	
	-0.0499	
	-1.13	
	0.343	
	0.402	
	-0.586	
	2.44	
	-1.76	
	1.58	
	-1.78	
	0.503	
	-1.15	
	-0.815	
	3.05	
	1.58	
	0.0114	
	0.507	
	1.53	
	1.25	
	3.11	
	-0.636	
	-0.323	
	1.06	
	0.534	
	1.53	
	0.697	
	1.12	
	1.83	
	-0.8	
	-0.593	
	-1.29	
	-2.05	
	1.47	
	0.66	
	0.598	
	-0.699	
	1.42	
	0.0385	
	0.587	
	0.332	
	0.209	
	1.1	
	-1.95	
	-2.17	
	1.55	
	0.7	
	-1.24	
	-2.84	
	0.723	
	-1.29	
	-1.45	
	1.2	
	-1.43	
	-1.45	
	0.843	
	-2.13	
	3.7	
	1.24	
	0.97	
	1.53	
	-0.283	
	0.639	
	0.343	
	2.07	
	0.512	
	1.12	
	-2.33	
	0.932	
	0.716	
	-2.6	
	-1.97	
	2.24	
	2.3	
	-0.406	
	1.95	
	2.11	
	0.439	
	1.8	
	-0.894	
	0.614	
	-0.2	
	1.2	
	-0.638	
	-0.339	
	2.14	
	0.918	
	-0.0248	
	2.58	
	0.362	
	1.28	
	-1.86	
	-1.18	
	0.255	
	2.08	
	2.95	
	0.338	
	0.439	
	1.85	
	1.07	
	0.62	
	2.29	
	-0.572	
	0.152	
	1.18	
	-2.31	
	-2.31	
	0.218	
	-2.88	
	-2.76	
	3.67	
	-0.132	
	-1.11	
	1.51	
	1.16	
	-0.546	
	2.19	
	-0.146	
	-2.12	
	-3.77	
	-1	
	-1.68	
	0.401	
	-1.78	
	2.93	
	-1.39	
	-0.0603	
	-0.627	
	0.357	
	-1.26	
	0.361	
	-1.96	
	1.15	
	0.118	
	1.12	
	1.37	
	1.08	
	2.41	
	-0.0781	
	-2.64	
	2.32	
	0.309	
	2.73	
	0.192	
	-2.2	
	-1.71	
	1.01	
	-2.3	
	3.68	
	-0.489	
	1.17	
	-1.42	
	1.74	
	-1.66	
	-1.43	
	0.311	
	-1.49	
	-2.37	
	0.192	
	0.436	
	1.54	
	2.08	
	1.09	
	2.5	
	0.374	
	0.00648	
	-2.06	
	-1.2	
	-3.69	
	-1.53	
	-1.4	
	0.58	
	-0.772	
	1.05	
	1.83	
	-0.445	
	-0.0623	
	0.427	
	1.1	
	1.37	
	-0.431	
	2.97	
	1.02	
	-2.53	
	-1.28	
	-0.27	
	0.642	
	-1.92	
	1.36	
	-0.00262	
	0.238	
	-3.54	
	0.626	
	-1.83	
	-1.81	
	0.865	
	2.7	
	-1.78	
	-0.106	
	0.197	
	-2.29	
	1.26	
	-0.0551	
	-2.18	
	1.92	
	0.584	
	0.596	
	1.97	
	0.793	
	0.0522	
	1.01	
	0.656	
	2.52	
	-0.614	
	-0.00888	
	1.29	
	0.494	
	2.83	
	-0.0266	
	-0.291	
	2.64	
	0.316	
	-0.46	
	-2.63	
	-0.833	
	-1.56	
	1.13	
	-2.24	
	0.72	
	-1.04	
	-0.941	
	-1.86	
	-0.292	
	0.352	
	2.32	
	1.12	
	-1.53	
	-0.803	
	-0.502	
	-0.641	
	-0.0786	
	0.79	
	-0.193	
	-1.29	
	1.6	
	-1.86	
	-0.694	
	1.04	
	-1.62	
	1.59	
	1.53	
	1.36	
	-0.735	
	-2.81	
	1.28	
	-2.62	
	0.749	
	-0.648	
	-1.97	
	-1.85	
	0.213	
	1.56	
	-1.66	
	3.38	
	1.08	
	-0.952	
	-0.346	
	1.68	
	2.22	
	0.0509	
	-2.88	
	-0.665	
	-0.347	
	-2.79	
	-3.53	
	-0.356	
	-1.35	
	-0.804	
	-1.86	
	0.204	
	1.04	
	-0.236	
	1.19	
	-1.09	
	-0.445	
	0.529	
	1.78	
	2.21	
	-1.81	
	0.327	
	0.326	
	-1.35	
	0.103	
	-2.62	
	0.168	
	3.46	
	-0.0762	
	1.76	
	-0.61	
	2.61	
	0.578	
	0.194	
	-4.35	
	-1.18	
	0.501	
	1.13	
	-1.9	
	2.43	
	-0.257	
	1.78	
	-0.304	
	-1.62	
	-3.27	
	1.6	
	0.129	
	0.855	
	-1.14	
	-3.41	
	-2.18	
	-0.363	
	1.03	
	1.59	
	1.57	
	1.28	
	-1.32	
	1.64	
	-1.02	
	-1.04	
	-3.45	
	-1.75	
	-0.291	
	0.189	
	2.16	
	-0.818	
	0.925	
	3.29	
	2.35	
	1.89	
	3.42	
	-0.489	
	0.481	
	-1.44	
	0.535	
	-1.83	
	-1.56	
	2.01	
	0.77	
	2.28	
	-0.32	
	0.976	
	-1.34	
	-0.395	
	-3.23	
	0.359	
	-0.487	
	-0.667	
	-1.77	
	0.808	
	2.2	
	0.125	
	-1.15	
	-0.88	
	2.09	
	1.47	
	-0.741	
	-1.13	
	0.759	
	2.84	
	-2.77	
	-0.354	
	-1.96	
	0.843	
	1.74	
	1.86	
	-2.99	
	-1.1	
	0.535	
	-1.35	
	-1.36	
	-2.15	
	-0.713	
	-0.806	
	-1.78	
	1.93	
	-1.01	
	0.583	
	0.453	
	4.32	
	-1.85	
	1.79	
	-1.64	
	1.14	
	-0.361	
	-2.94	
	0.368	
	1.24	
	0.491	
	-0.176	
	0.598	
	0.015	
	1.81	
	-0.847	
	-3.54	
	0.757	
	0.521	
	0.69	
	-1.57	
	1.9	
	-1.76	
	1.5	
	1.72	
	-2.9	
	2.3	
	-0.389	
	-1.52	
	1.07	
	-2.94	
	-0.0444	
	-0.937	
	-2.28	
	-0.0485	
	1.11	
	-0.358	
	1.77	
	-0.278	
	-1.18	
	1.79	
	3.15	
	0.73	
	-0.0761	
	-0.107	
	-0.948	
	-2.46	
	1.89	
	1.93	
	1.26	
	0.893	
	2.09	
	-3.57	
	-0.338	
	-0.174	
	2.29	
	-0.177	
	0.746	
	0.559	
	-2.19	
	0.885	
	-0.0307	
	-2.49	
	-1.12	
	0.532	
	-0.484	
	1.09	
	-0.191	
	-0.886	
	0.787	
	1.65	
	1.73	
	-0.988	
	-1.04	
	-0.0781	
	-0.907	
	0.221	
	0.441	
	0.24	
	-1.17	
	1.31	
	-1.22	
	0.696	
	0.0461	
	1.09	
	-0.017	
	0.242	
	-0.265	
	-0.156	
	1.45	
	0.069	
	-1.19	
	-0.76	
	-1.38	
	2.68	
	-0.291	
	-0.403	
	2.72	
	1.71	
	-1.37	
	0.912	
	1.37	
	3.68	
	-1.46	
	-1.92	
	-0.104	
	-0.897	
	1.36	
	-1.17	
	-0.813	
	-0.867	
	2.54	
	-0.217	
	2.31	
	-1.21	
	1.77	
	1.02	
	0.781	
	-2.55	
	2.52	
	-0.441	
	-1.27	
	3.19	
	2.86	
	-3.15	
	-0.0844	
	2.51	
	0.954	
	0.403	
	3.67	
	0.782	
	-1.52	
	0.274	
	0.863	
	-1.52	
	1.78	
	0.567	
	2.02	
	-2.67	
	-0.739	
	0.837	
	-1.15	
	-2.32	
	1.36	
	2.26	
	2.43	
	0.488	
	-0.978	
	0.731	
	-1.53	
	0.526	
	-2.33	
	1.72	
	-0.396	
	0.963	
	1.11	
	0.718	
	1.18	
	0.381	
	2.39	
	-1.36	
	-0.627	
	0.349	
	-0.52	
	1.14	
	-1.3	
	-1.02	
	-0.437	
	-1.66	
	3.39	
	-1.96	
	-1	
	0.445	
	-0.0465	
	0.806	
	1.38	
	2.36	
	0.169	
	1.36	
	0.51	
	-2.7	
	0.212	
	-0.911	
	-1.64	
	2.33	
	0.307	
	0.0297	
	1.77	
	-2.99	
	0.156	
	2	
	2.11	
	-1.65	
	1.84	
	2.32	
	-0.849	
	0.366	
	-1.39	
	1.79	
	-0.978	
	0.757	
	0.758	
	-1.11	
	1.84	
	1.9	
	0.844	
	-1.82	
	-0.749	
	-0.379	
	2.2	
	-1.94	
	2.79	
	0.32	
	2.02	
	-0.931	
	0.153	
	-1.27	
	-0.57	
	1.43	
	-2.79	
	1.76	
	-3.66	
	2.22	
	-1.44	
	2.08	
	1.95	
	-0.719	
	-1.88	
	-2.09	
	0.943	
	-0.154	
	-0.716	
	1.72	
	-2.8	
	-0.812	
	-2.12	
	-0.373	
	1.07	
	-0.342	
	0.0632	
	-0.0413	
	0.75	
	-0.203	
	-0.436	
	0.797	
	0.904	
	3.35	
	-1.72	
	3.15	
	-1.21	
	-0.17	
	1.79	
	0.177	
	-2.3	
	4.38	
	-1.03	
	-0.686	
	0.119	
	-1.19	
	0.402	
	-0.889	
	-0.709	
	-1.61	
	-2	
	2.87	
	3.77	
	3.96	
	3	
	0.864	
	1.83	
	2.14	
	2.94	
	1.37	
	0.177	
	-0.00649	
	1.37	
	-0.89	
	0.426	
	-1.34	
	-0.743	
	-1.23	
	1.45	
	-0.775	
	0.645	
	-0.799	
	-0.57	
	2.68	
	1.33	
	2.49	
	-0.0806	
	-2.92	
	-0.719	
	0.734	
	-0.436	
	-0.665	
	-1.16	
	-2.66	
	-1.99	
	-1.34	
	-0.0726	
	0.836	
	-1.23	
	-1.63	
	-0.589	
	-2.65	
	0.469	
	-2	
	-0.741	
	3.49	
	-2.68	
	-0.166	
	2.46	
	-0.901	
	-4.52	
	2.27	
	-0.79	
	-0.424	
	-3.44	
	0.238	
	0.0952	
	0.381	
	-1.75	
	2.86	
	-0.941	
	1.66	
	-0.993	
	1.1	
	-0.557	
	0.762	
	3.07	
	-0.662	
	-1.51	
	-2.78	
	2.55	
	0.607	
	-2.69	
	-0.221	
	0.366	
	0.561	
	2.12	
	4.19	
	2.11	
	-1.29	
	-1.35	
	-0.881	
	1.4	
	-3.58	
	-0.197	
	0.311	
	-3.63	
	-2.71	
	0.65	
	-1.53	
	-1.58	
	1.51	
	2.24	
	1.2	
	1	
	-3.02	
	0.183	
	-0.676	
	-2.05	
	-0.446	
	-0.553	
	0.205	
	1.06	
	4.3	
	-1.38	
	-2.64	
	0.526	
	1.41	
	-1.96	
	0.769	
	-4.64	
	-0.941	
	-1.06	
	-0.877	
	1.53	
	-1.96	
	-0.634	
	-1.74	
	-0.195	
	-2.69	
	2.51	
	0.148	
	4.14	
	2	
	1.61	
	-2.72	
	1.5	
	0.203	
	3.16	
	4.47	
	0.36	
	1.43	
	-0.483	
	-0.193	
	0.726	
	-2.95	
	0.0668	
	-2.99	
	-1.93	
	-0.49	
	-0.0198	
	1.9	
	0.299	
	-1.88	
	-0.287	
	3	
	0.722	
	-1.42	
	1.64	
	-1.53	
	-2.99	
	0.732	
	-3.26	
	-1.29	
	1.01	
	-1.48	
	-1.46	
	-2.87	
	-1.86	
	1.42	
	-0.528	
	-2.5	
	-1.28	
	1.35	
	3.24	
	0.616	
	-1.6	
	-3.28	
	-1.53	
	1.57	
	2.42	
	-0.701	
	-0.879	
	-0.702	
	0.162	
	1.71	
	-1.25	
	2.02	
	-2.04	
	1.12	
	3.37	
	3.22	
	-2.7	
	2.21	
	0.323	
	0.0332	
	1.59	
	-0.623	
	0.891	
	1.35	
	1.14	
	-2.79	
	-1.05	
	-2.57	
	-1.86	
	-1.42	
	-1.15	
	2.77	
	1.61	
	-1.92	
	0.682	
	0.138	
	3	
	-1.17	
	-0.115	
	-1.98	
	-0.595	
	-2.44	
	0.832	
	-1.42	
	-2.78	
	-0.633	
	-0.155	
	0.183	
	-1.42	
	0.705	
	-2.32	
	0.364	
	0.272	
	-0.671	
	0.774	
	3.46	
	-1.85	
	-4.09	
	-0.793	
	1.3	
	3.99	
	1.07	
	3.35	
	-1.47	
	-0.431	
	0.816	
	-0.755	
	-0.187	
	3.63	
	-0.647	
	-2.59	
	-1.49	
	3.69	
	0.933	
	1.26	
	0.438	
	0.597	
	-1.42	
	-0.0748	
	-0.924	
	-0.514	
	-0.805	
	3.12	
	0.244	
	-0.726	
	0.851	
	2.72	
	0.747	
	0.824	
	-0.565	
	1.15	
	-2.67	
	-1.44	
	0.308	
	1.1	
	-2.96	
	3.39	
	3.16	
	0.514	
	-2.13	
	-2.09	
	-2.34	
	1.63	
	-1.41	
	-2.52	
	0.686	
	2.37	
	-1.67	
	-1.32	
	0.842	
	-1.32	
	-2.34	
	0.81	
	1.77	
	-1.46	
	-1.33	
	0.267	
	-0.0254	
	0.695	
	-1.25	
	-0.0203	
	1.4	
	0.926	
	-0.285	
	0.168	
	2.31	
	1.64	
	-1.25	
	-1.47	
	4.06	
	-1.11	
	-1.23	
	0.803	
	-1.68	
	1.02	
	-3.46	
	0.868	
	-1.81	
	1.7	
	-0.311	
	-0.938	
	0.336	
	1.84	
	0.564	
	2.63	
	0.803	
	3.21	
	-0.664	
	2.68	
	2.26	
	0.989	
	-0.394	
	-0.624	
	-0.55	
	0.741	
	-1.99	
	1.02	
	-4.1	
	-0.704	
	-2.66	
	2.61	
	-2.51	
	0.275	
	-2.59	
	2.29	
	-0.811	
	-1.72	
	-0.404	
	-1.29	
	0.919	
	-0.0534	
	0.515	
	0.874	
	-1.62	
	-2.06	
	1.84	
	-0.839	
	-0.0452	
	-1.37	
	0.473	
	1.08	
	0.967	
	-2.01	
	0.0955	
	0.545	
	-0.988	
	-1.53	
	0.149	
	1.51	
	0.34	
	0.146	
	0.518	
	2.29	
	0.588	
	-1.97	
	-0.668	
	-0.343	
	0.818	
	0.814	
	-3.3	
	0.517	
	1.78	
	-1.64	
	0.903	
	0.321	
	-0.7	
	-0.683	
	0.0481	
	2.87	
	0.373	
	1.27	
	0.25	
	-0.674	
	-2.08	
	2.63	
	-1.15	
	1.72	
	-2.83	
	-2.6	
	-1.53	
	-1.11	
	-0.408	
	-0.47	
	-0.509	
	3.08	
	-1.26	
	0.0302	
	0.436	
	-0.189	
	0.97	
	-2.83	
	1.24	
	-1.65	
	0.913	
	-1.72	
	-2.48	
	-0.851	
	-0.551	
	-0.42	
	0.48	
	1.14	
	-0.541	
	-2.17	
	-1.74	
	0.461	
	1.29	
	2.51	
	1.36	
	-2.5	
	2	
	1.33	
	-0.891	
	-1.51	
	0.836	
	0.179	
	0.637	
	0.776	
	0.982	
	-1.47	
	4.17	
	1.67	
	1.19	
	-0.0304	
	-1.61	
	1.84	
	-1.1	
	-3.19	
	-2.04	
	-3.07	
	-0.926	
	0.0263	
	-1.76	
	-2.71	
	0.5	
	-3.43	
	0.0529	
	0.102	
	-1.52	
	-0.112	
	-1.71	
	2.24	
	0.594	
	-0.325	
	1.47	
	-1.56	
	-1.28	
	0.6	
	-3.25	
	-1.64	
	-0.565	
	-0.507	
	-2.85	
	0.0857	
	2.3	
	0.355	
	-1.6	
	-2.24	
	0.127	
	0.198	
	-1.87	
	-0.35	
	-1.74	
	-0.576	
	1.22	
	2.48	
	-1.19	
	0.813	
	-2.17	
	1.04	
	-0.117	
	-2.1	
	-1.25	
	-2.92	
	0.517	
	-1.72	
	0.241	
	-2.72	
	1.6	
	4.47	
	1.91	
	-1.77	
	2.87	
	0.122	
	-1.43	
	-0.165	
	-1.7	
	-0.923	
	3.25	
	-0.269	
	-0.848	
	-1.29	
	-1.11	
	0.555	
	0.387	
	-2.75	
	-1.68	
	0.734	
	-2.04	
	-0.807	
	0.00215	
	1.58	
	-0.616	
	1.45	
	-0.665	
	-1.9	
	0.309	
	0.772	
	-1.03	
	0.748	
	0.625	
	-1.61	
	2.76	
	0.546	
	-1.55	
	1.99	
	-2.71	
	0.295	
	2.1	
	-1.69	
	0.753	
	-0.896	
	-0.784	
	-2.27	
	0.549	
	3.93	
	0.0152	
	3.94	
	2.79	
	2.22	
	-1.64	
	1.64	
	0.112	
	1.65	
	1.13	
	-0.072	
	1.84	
	-1.21	
	-0.967	
	-3.88	
	-0.0705	
	-0.957	
	0.695	
	-0.295	
	-1.94	
	-1.75	
	-0.343	
	1.28	
	-2.17	
	-0.897	
	2.32	
	-1.31	
	0.858	
	-1.78	
	3.52	
	-0.674	
	-2.12	
	-0.0317	
	2.06	
	-0.738	
	-0.984	
	2.05	
	-1.97	
	-0.417	
	-2.32	
	-0.164	
	-3.58	
	1.97	
	2.01	
	1.95	
	-3.55	
	-1.84	
	0.688	
	-0.573	
	0.956	
	-1.65	
	1.36	
	3.34	
	0.336	
	-4.34	
	0.766	
	0.657	
	1.59	
	-1.72	
	-0.815	
	-0.703	
	-2.19	
	0.908	
	2.59	
	0.752	
	-3.21	
	-0.132	
	3.43	
	0.514	
	-1.91	
	-1.48	
	0.616	
	-1.8	
	-0.478	
	-0.56	
	-0.521	
	-0.402	
	-3.31	
	0.248	
	0.938	
	2.29	
	-1.31	
	-0.514	
	1.7	
	1.48	
	-0.506	
	-1.3	
	-0.889	
	1.06	
	0.746	
	1.64	
	1.57	
	0.52	
	-2.49	
	1.58	
	2.57	
	-1.66	
	-1.01	
	0.877	
	-2.51	
	-2	
	3.32	
	0.28	
	-1.83	
	0.555	
	1.92	
	1.34	
	1.31	
	1.3	
	-0.954	
	-0.00834	
	-1.56	
	0.9	
	-0.918	
	0.915	
	2.02	
	-0.508	
	-1.45	
	-0.0717	
	-0.496	
	1.54	
	0.391	
	1.63	
	-2.82	
	-0.312	
	1.79	
	-1.07	
	1.53	
	0.424	
	-0.64	
	0.0495	
	0.645	
	3.19	
	-0.099	
	-0.0303	
	2.49	
	1.93	
	1.31	
	-0.79	
	2.69	
	-1.46	
	0.298	
	3.39	
	0.934	
	-0.385	
	0.845	
	0.195	
	4.13	
	-0.176	
	0.472	
	-0.816	
	-2.42	
	-0.821	
	-1.23	
	-0.0559	
	-0.266	
	0.368	
	-0.114	
	0.589	
	-1.14	
	0.601	
	0.537	
	-0.0886	
	-2.05	
	0.842	
	-0.867	
	3.2	
	0.0951	
	-2.3	
	-1.23	
	-3.79	
	-3.62	
	-1.94	
	0.82	
	2.42	
	-1.87	
	0.341	
	-1.3	
	-1.84	
	3.65	
	-0.587	
	-1.71	
	-1.55	
	0.436	
	1.73	
	2.51	
	3.35	
	2.61	
	2.69	
	-0.647	
	2.42	
	-1.58	
	0.497	
	1.01	
	0.929	
	1.7	
	-1.37	
	-1.71	
	-2.64	
	-0.863	
	-0.248	
	1.51	
	-4.04	
	0.928	
	-0.913	
	1.16	
	2.63	
	-1.8	
	0.219	
	-2.02	
	0.698	
	-3.87	
	-1.43	
	1.24	
	0.821	
	2.21	
	-1.44	
	-1.34	
	0.823	
	-2.57	
	1.64	
	0.163	
	0.727	
	-1.36	
	-0.12	
	0.692	
	1.01	
	-3.81	
	-0.455	
	-0.866	
	-2.03	
	2.55	
	-1.87	
	-1.9	
	-2.97	
	-0.897	
	1.36	
	-0.668	
	-0.829	
	0.171	
	-0.162	
	-0.844	
	-0.588	
	-1.16	
	-3.3	
	0.702	
	-0.496	
	-1	
	0.972	
	-1.88	
	-0.185	
	2.11	
	0.633	
	2.7	
	-1.84	
	1.02	
	1.69	
	-2.1	
	1.97	
	4.29	
	3.11	
	1.73	
	1.58	
	-1.9	
	-0.19	
	1.99	
	-1.36	
	1.59	
	0.64	
	-1.57	
	3.72	
	2.1	
	3.88	
	-0.0796	
	2.9	
	-0.621	
	-1.07	
	-1.09	
	-3.56	
	-1.22	
	-1.26	
	-1.52	
	-1.31	
	-1.45	
	1.28	
	1.84	
	1.01	
	-0.684	
	1.51	
	-1.29	
	-0.136	
	0.69	
	1.71	
	-0.267	
	1.35	
	0.0941	
	-1.81	
	0.16	
	0.464	
	-0.109	
	0.59	
	-0.0181	
	4.04	
	1.77	
	-0.451	
	-3.69	
	1.11	
	-1.32	
	2.79	
	-1.12	
	-0.638	
	-1.45	
	0.646	
	0.438	
	-0.185	
	-2.94	
	-1.31	
	0.129	
	1.4	
	0.631	
	2.76	
	2.31	
	0.934	
	-0.645	
	-0.176	
	2.12	
	0.0841	
	0.452	
	1.8	
	-2.94	
	3.21	
	0.211	
	-0.913	
	-2.18	
	-1.46	
	-1.99	
	-0.398	
	-3.53	
	-0.0594	
	-2.07	
	-0.689	
	-2.24	
	1.9	
	0.112	
	-0.758	
	-0.151	
	2.09	
	1.2	
	1.77	
	-2.05	
	2.44	
	0.707	
	-1.6	
	-2.25	
	3.43	
	-4.25	
	-3.6	
	0.459	
	0.661	
	2.67	
	1.64	
	-1.38	
	-0.564	
	-0.175	
	-0.544	
	1.57	
	0.298	
	-1.5	
	-0.0123	
	-0.58	
	1.4	
	-0.0358	
	-2.36	
	-1.14	
	-1.67	
	2.66	
	-1.74	
	2.27	
	2.73	
	-1.68	
	-1.18	
	0.546	
	-0.19	
	1.02	
	-1.43	
	-1.23	
	2.04	
	-1.75	
	2.77	
	1.46	
	-0.923	
	2.06	
	-0.0303	
	0.818	
	-1.23	
	-3.42	
	-0.57	
	-0.17	
	4.02	
	-1.67	
	1.67	
	-0.12	
	-2.2	
	0.585	
	1.29	
	2.79	
	1.39	
	1.83	
	-0.572	
	-3.76	
	-0.674	
	-0.796	
	-1.96	
	2.8	
	0.102	
	-2.77	
	-0.121	
	1.19	
	0.814	
	1.96	
	-1.72	
	1.6	
	-1.22	
	-1.84	
	-2.93	
	0.0599	
	1.5	
	3.27	
	2.58	
	2.53	
	0.859	
	-1.12	
	0.799	
	1.96	
	1.42	
	-0.6	
	-1.33	
	-0.745	
	1.64	
	-1.74	
	-0.154	
	3.21	
	-3.22	
	0.475	
	1.65	
	-0.571	
	-1.45	
	0.497	
	-1.27	
	1.11	
	-0.832	
	1.83	
	2.42	
	0.142	
	-0.0736	
	-4.92	
	-2.97	
	0.57	
	-0.32	
	1.16	
	-3.57	
	-1.2	
	-1.31	
	0.496	
	0.296	
	-1.4	
	1.47	
	1.54	
	2.77	
	-1.59	
	0.389	
	-0.736	
	0.101	
	1.97	
	-1.46	
	1.16	
	1.07	
	1.68	
	2.07	
	2.85	
	1.29	
	1.87	
	1.28	
	-1.34	
	-2.75	
	-1.62	
	-1.37	
	0.995	
	0.433	
	0.354	
	-1.64	
	-1.01	
	1.09	
	1.1	
	-2.23	
	-0.719	
	-1.47	
	1.2	
	2.35	
	1.07	
	-1.66	
	1.39	
	2.27	
	-1.36	
	-1.46	
	-1.2	
	-1.58	
	0.0626	
	-0.601	
	0.728	
	1.04	
	-0.941	
	-0.572	
	1.13	
	-1.94	
	1.12	
	0.649	
	2.17	
	-0.997	
	2.1	
	-1.91	
	2.3	
	0.143	
	2.03	
	-2.07	
	-1.29	
	1.92	
	0.594	
	1.61	
	-2.84	
	0.445	
	1.14	
	-0.314	
	-0.383	
	0.524	
	1.11	
	-1.05	
	-0.699	
	0.443	
	1.34	
	0.483	
	1.93	
	0.438	
	0.627	
	1.81	
	3.47	
	-0.496	
	2	
	-3.21	
	-1.91	
	0.657	
	1.1	
	2.1	
	-0.11	
	-0.433	
	-0.0981	
	1.46	
	-0.142	
	-0.981	
	3.15	
	-3.92	
	0.25	
	-1.97	
	2.03	
	0.793	
	-1.48	
	1.59	
	-0.0316	
	-0.433	
	0.859	
	1.04	
	-0.704	
	2.02	
	-0.562	
	-0.747	
	0.565	
	1.42	
	-0.891	
	1.34	
	0.921	
	2.74	
	1.01	
	0.221	
	0.428	
	-2.67	
	1.72	
	0.966	
	-0.0696	
	0.774	
	-2.02	
	1.36	
	1.24	
	-0.954	
	-1.68	
	-0.79	
	1.56	
	-1.03	
	-0.574	
	1.65	
	0.56	
	0.254	
	2.59	
	-0.867	
	-1.01	
	2.87	
	-1.53	
	-0.632	
	-2.42	
	-1.92	
	-1.07	
	0.654	
	-0.0408	
	-2.26	
	-1.56	
	1.46	
	0.845	
	2.11	
	-1.3	
	1.36	
	-3.26	
	0.164	
	-1.62	
	-3.35	
	-1.24	
	-2.43	
	0.288	
	-0.625	
	-0.442	
	2.93	
	2.81	
	-1.75	
	-0.958	
	0.0407	
	-1.31	
	-0.651	
	-0.547	
	-0.754	
	-2.2	
	-2.14	
	0.0723	
	0.307	
	-1.74	
	1.27	
	0.404	
	-1.1	
	2.03	
	1.09	
	-1.68	
	-0.586	
	1.78	
	-0.512	
	0.529	
	-0.158	
	-2.6	
	3.9	
	-0.775	
	-1.44	
	-0.3	
	-0.496	
	-0.647	
	0.842	
	-1.95	
	-1.57	
	0.645	
	0.911	
	2.49	
	-0.854	
	-1.54	
	1.77	
	-0.872	
	-0.0771	
	-1.22	
	-0.279	
	-0.642	
	2.04	
	-2.46	
	3.31	
	1.96	
	2.35	
	-3.05	
	-0.504	
	0.377	
	3.11	
	-0.365	
	-0.643	
	1.36	
	-1.58	
	0.453	
	2.05	
	0.906	
	-1.11	
	1.91	
	0.908	
	-2.31	
	-0.169	
	-1.24	
	1.24	
	-2.18	
	-1.02	
	-0.455	
	1.8	
	2.86	
	-3.25	
	-0.411	
	0.312	
	0.731	
	1.14	
	-2.48	
	0.0368	
	-1.68	
	-3.72	
	0.137	
	-1.97	
	-3.22	
	1.34	
	-0.663	
	1.59	
	-0.866	
	1.25	
	-1.1	
	-1.47	
	-0.63	
	-0.311	
	-0.815	
	-2.28	
	0.643	
	-1.92	
	1.87	
	0.948	
	0.743	
	0.0378	
	0.982	
	0.948	
	2.69	
	2.77	
	0.0194	
	2.02	
	-2.89	
	-2.56	
	2.72	
	2.96	
	-0.963	
	-0.856	
	-0.316	
	1.83	
	-1.15	
	-1.28	
	-0.0808	
	-0.954	
	-2.07	
	-1.47	
	0.418	
	-1.8	
	2.86	
	-0.416	
	3.35	
	1.62	
	0.322	
	0.0697	
	1.5	
	1.78	
	-0.672	
	-0.195	
	-0.472	
	-0.562	
	2.84	
	3.07	
	3.26	
	0.0853	
	-0.219	
	-0.59	
	0.38	
	-1.82	
	1.26	
	-2.73	
	-2.23	
	3.8	
	-0.573	
	2.37	
	2.7	
	-1.4	
	-1.79	
	0.991	
	1.06	
	-0.172	
	-0.0189	
	-2.11	
	0.249	
	4.11	
	1.45	
	1.59	
	1.84	
	-0.553	
	-2.26	
	-0.343	
	2.28	
	-1.52	
	-1.73	
	2.42	
	0.759	
	0.598	
	2.28	
	2.74	
	-1.55	
	-0.59	
	-1.48	
	2.24	
	0.601	
	1.13	
	-1.12	
	-0.202	
	-3.12	
	1.17	
	2.88	
	-0.454	
	-0.484	
	3.37	
	-1.03	
	1.81	
	0.312	
	0.29	
	-0.179	
	-2.56	
	0.64	
	0.527	
	-1.28	
	-1.68	
	-0.0815	
	-0.635	
	-2.96	
	-1.08	
	1.14	
	-0.895	
	0.632	
	-0.517	
	-0.00928	
	-4.02	
	0.42	
	-2.36	
	0.29	
	-1.31	
	-0.243	
	-1.53	
	2.84	
	3.27	
	0.108	
	-1.94	
	-0.589	
	-3.84	
	-1.54	
	-0.293	
	2.09	
	0.214	
	0.606	
	-2	
	3.69	
	0.128	
	-1.68	
	1.67	
	0.277	
	1.45	
	-0.651	
	-1.72	
	-1.46	
	1.92	
	-1.72	
	0.91	
	-2.02	
	0.82	
	-1.46	
	2.29	
	-1.33	
	2.23	
	0.288	
	1.36	
	-1.08	
	1.24	
	-1.21	
	-0.94	
	-2.62	
	0.741	
	-0.688	
	1.71	
	1.34	
	-4.16	
	-0.912	
	-1.25	
	0.624	
	-1.11	
	-0.454	
	0.205	
	-2.57	
	-1.04	
	0.286	
	2.51	
	2.73	
	0.27	
	0.954	
	-0.405	
	0.979	
	1.04	
	-0.98	
	-0.21	
	-0.622	
	-2.71	
	0.764	
	0.403	
	0.579	
	3.49	
	-1.74	
	1.41	
	-1.44	
	0.0908	
	1.82	
	-2.42	
	-2.97	
	1.8	
	-0.792	
	-1.06	
	-0.331	
	2.7	
	-1.36	
	2	
	-0.0762	
	0.224	
	0.032	
	0.332	
	-0.495	
	2.11	
	1.38	
	1.41	
	-0.96	
	1.46	
	-0.199	
	0.44	
	-2.52	
	0.659	
	-0.307	
	-0.157	
	0.648	
	0.221	
	1.54	
	-0.993	
	0.192	
	0.585	
	-0.139	
	2.21	
	2.92	
	0.462	
	1.11	
	-0.0879	
	0.979	
	2.86	
	-2.99	
	0.873	
	1.32	
	-2.18	
	3.22	
	0.901	
	1.95	
	-0.433	
	1.08	
	0.288	
	2.08	
	-1.61	
	-2.61	
	-0.389	
	3.26	
	-0.778	
	-1.97	
	0.495	
	1.16	
	-2.19	
	-0.569	
	0.419	
	0.202	
	-2.08	
	-0.17	
	-0.918	
	0.0651	
	2.04	
	-1.12	
	-1.67	
	-0.167	
	1.4	
	-0.0521	
	-1.58	
	1.3	
	-1.82	
	2.76	
	-1.41	
	1.03	
	-1	
	3.1	
	-1.49	
	2.11	
	-1.57	
	2.18	
	-0.87	
	-0.691	
	2.65	
	0.593	
	2.3	
	-2.3	
	2.26	
	0.553	
	-2.46	
	-1.09	
	0.874	
	-2.56	
	-2.51	
	-2.87	
	0.855	
	0.773	
	2.22	
	-0.133	
	-1.34	
	0.771	
	1.27	
	-0.347	
	-1.19	
	-0.946	
	-2.7	
	0.197	
	-3.86	
	2.72	
	-1.04	
	-0.316	
	-1.38	
	0.903	
	0.413	
	-0.106	
	1.58	
	-1.2	
	-2.34	
	-2.02	
	1.63	
	1.14	
	-0.439	
	0.658	
	0.361	
	1.26	
	1.03	
	-0.536	
	-0.195	
	-0.442	
	1.29	
	1.11	
	1.32	
	-0.53	
	-0.162	
	3.1	
	-0.207	
	4.35	
	-0.37	
	-2.26	
	0.406	
	-1.86	
	2.91	
	0.0835	
	1.64	
	-0.377	
	-3.56	
	-1.15	
	0.155	
	0.908	
	0.332	
	-1.29	
	1.79	
	-2.12	
	-1.04	
	-1.83	
	-3.93	
	0.198	
	-1.52	
	-1.29	
	0.864	
	-1.16	
	3.28	
	0.332	
	0.491	
	-0.371	
	0.709	
	-1.58	
	0.962	
	-1.94	
	-0.19	
	-0.196	
	-1.56	
	0.987	
	1.01	
	3.16	
	-1.45	
	1.4	
	-2.08	
	-0.995	
	-4.1	
	-1.13	
	-3.04	
	0.458	
	-1.73	
	0.892	
	-1.46	
	0.362	
	1.48	
	-0.211	
	1.7	
	0.385	
	-1.5	
	-0.575	
	-2.65	
	1.1	
	1.02	
	1.45	
	1.61	
	0.785	
	-2.99	
	-0.0464	
	0.908	
	-0.196	
	-1.35	
	0.869	
	2.47	
	-2.07	
	-0.777	
	-1.61	
	0.151	
	-1.67	
	-1.99	
	-2.44	
	2.96	
	-0.496	
	-1.76	
	-1.86	
	2.33	
	2.3	
	-0.38	
	-1.57	
	1.49	
	1.59	
	-0.133	
	1.92	
	-0.114	
	-1.16	
	1.47	
	-1.9	
	-2	
	2.3	
	-2.2	
	1.85	
	-1.37	
	-0.688	
	-0.728	
	-2.58	
	-1.45	
	0.127	
	0.976	
	-1.9	
	0.556	
	-0.772	
	-0.877	
	-2.08	
	0.722	
	1.58	
	-1.48	
	2.29	
	1.47	
	-1.43	
	-2.58	
	-2.09	
	-2.05	
	1.46	
	1.14	
	0.808	
	-1.57	
	-2.45	
	0.372	
	0.17	
	2.38	
	-3.39	
	-3.6	
	-3.62	
	0.143	
	-0.597	
	0.888	
	-0.92	
	-0.736	
	-3.23	
	0.094	
	2.35	
	0.988	
	0.399	
	1.36	
	0.121	
	1.25	
	0.0107	
	0.611	
	0.314	
	-1.5	
	2.29	
	0.919	
	-1.88	
	-0.446	
	1.3	
	-1.81	
	-0.314	
	1.12	
	-1.43	
	-1.81	
	2.27	
	2.16	
	-2.41	
	1.14	
	2.46	
	-0.781	
	-1.46	
	-4.05	
	-1.42	
	-0.489	
	-2.25	
	0.852	
	-1.64	
	-0.669	
	-1.32	
	-1.79	
	-0.588	
	-1.97	
	-3.24	
	-1.92	
	1.87	
	0.285	
	0.391	
	-1.04	
	-0.463	
	-0.439	
	2.58	
	0.867	
	1.93	
	-3.36	
	1.74	
	1.11	
	0.0588	
	-0.839	
	-2.86	
	-0.722	
	-1.08	
	0.758	
	-1.53	
	-0.189	
	1.42	
	-2.92	
	0.376	
	-3.1	
	2.29	
	0.193	
	-1.57	
	2.71	
	1.97	
	1.96	
	-0.251	
	3.34	
	-0.954	
	-3.61	
	-1.3	
	2.53	
	0.192	
	0.681	
	0.12	
	0.0141	
	0.247	
	-1.18	
	-0.34	
	3.3	
	-0.921	
	1.89	
	1.98	
	1.42	
	0.0244	
	-2.25	
	2.5	
	-0.711	
	0.409	
	-0.429	
	1.93	
	1.73	
	0.838	
	-1.31	
	-1.06	
	-0.944	
	-1.85	
	1.32	
	0.38	
	-1.8	
	1.17	
	1.64	
	-0.462	
	0.423	
	0.0575	
	-0.276	
	-1.12	
	-0.759	
	-0.659	
	0.243	
	1.75	
	-1.1	
	-2.45	
	2.38	
	-2.08	
	1.85	
	1.4	
	0.393	
	1.42	
	-0.218	
	-0.937	
	-0.924	
	-0.0784	
	1.54	
	-3.56	
	-3.35	
	0.654	
	2.16	
	3.43	
	-0.0848	
	0.978	
	-1.18	
	2.43	
	-1.79	
	-2.55	
	-0.813	
	1.99	
	-1.85	
	1.03	
	-4.15	
	-0.6	
	-0.354	
	-0.355	
	-2.17	
	0.209	
	0.377	
	0.772	
	2.31	
	0.171	
	1.99	
	0.568	
	3.75	
	-1.49	
	-0.478	
	2.17	
	-0.443	
	2.34	
	2.46	
	-0.631	
	4.12	
	0.379	
	1.9	
	1.82	
	-1.97	
	0.457	
	-2.32	
	-1.02	
	-1.29	
	3.11	
	-2.55	
	0.189	
	1.04	
	-1.28	
	-0.9	
	3.04	
	-2.11	
	0.708	
	-1.12	
	-0.958	
	-0.182	
	-2.01	
	-1.79	
	1.03	
	0.357	
	0.106	
	0.604	
	-1.23	
	-2.29	
	1.94	
	2.56	
	-0.597	
	-0.108	
	-3.28	
	-2.29	
	-1.8	
	2.81	
	-3.14	
	3.45	
	-2.21	
	-0.775	
	-0.252	
	-2.21	
	-0.324	
	-1.12	
	-1.13	
	-1.01	
	2.02	
	0.896	
	-1.75	
	0.341	
	1.77	
	0.113	
	-1.37	
	-0.557	
	1.93	
	-1.41	
	1.4	
	-0.409	
	1.92	
	0.81	
	1.51	
	-1.4	
	-1.89	
	-2.15	
	-1.95	
	-1.1	
	1.05	
	0.718	
	0.0388	
	-0.975	
	-1.19	
	-1.03	
	4.31	
	-1.97	
	-0.81	
	1.77	
	4.55	
	-0.0278	
	-1.6	
	-1.67	
	-1.07	
	2.36	
	-0.501	
	-2.31	
	1.07	
	1.31	
	-4.29	
	-1.01	
	2.1	
	-0.186	
	1.72	
	-3.58	
	1.71	
	2.42	
	-0.545	
	1.18	
	-3.06	
	-0.16	
	0.423	
	0.389	
	-0.752	
	-2.97	
	0.98	
	-1.88	
	-1.05	
	2.38	
	2.37	
	-0.481	
	1.92	
	-2.52	
	0.365	
	0.71	
	0.0186	
	0.441	
	1.36	
	0.596	
	-3.37	
	-3.56	
	1.85	
	1.4	
	1.69	
	0.239	
	2.09	
	1.54	
	-2.64	
	1.49	
	1.41	
	0.198	
	-1.73	
	0.895	
	1.43	
	0.564	
	0.832	
	2.09	
	1.11	
	0.947	
	-2.16	
	0.825	
	-2.85	
	-3.29	
	0.761	
	0.371	
	-1.4	
	2.29	
	0.324	
	0.0676	
	0.553	
	0.0145	
	0.605	
	0.367	
	1.11	
	0.0342	
	-2.32	
	-1.68	
	2.25	
	2.01	
	-0.912	
	0.478	
	-0.0521	
	-0.784	
	1.78	
	2.56	
	-1.74	
	0.773	
	-2.16	
	1.82	
	2.26	
	1.21	
	1.36	
	-0.45	
	-0.503	
	-0.0258	
	1.58	
	1.12	
	0.196	
	-1.76	
	-3.72	
	2.17	
	1.76	
	-0.862	
	1.37	
	1.09	
	-2.06	
	-0.414	
	1.01	
	0.715	
	0.813	
	2.56	
	0.416	
	-0.649	
	-0.121	
	0.875	
	-1.16	
	1.09	
	0.485	
	-0.735	
	-0.4	
	1.42	
	1.37	
	0.851	
	0.82	
	1.82	
	0.376	
	-1.62	
	-1.39	
	-1.12	
	2.32	
	1.82	
	-0.901	
	1.21	
	-1.06	
	0.763	
	2.67	
	-2.85	
	-1.71	
	-0.497	
	-0.686	
	-0.998	
	0.913	
	-1.25	
	0.677	
	2.39	
	-0.35	
	0.257	
	-0.243	
	0.849	
	-0.66	
	0.68	
	-0.638	
	-3.05	
	2.28	
	0.083	
	3.95	
	-4.66	
	1.85	
	-0.0344	
	1.62	
	-1.46	
	-0.299	
	1.96	
	-1.25	
	3.3	
	0.029	
	-2.52	
	-3.04	
	-1.37	
	3.52	
	0.462	
	1.12	
	-1.01	
	-2.34	
	0.0797	
	-0.462	
	-2.55	
	1.68	
	-1.78	
	0.924	
	1.92	
	-2.69	
	-2.58	
	1.75	
	-0.89	
	-0.731	
	1.94	
	2.1	
	1.08	
	-1.8	
	-0.522	
	0.88	
	0.818	
	0.65	
	-1.33	
	0.21	
	-0.25	
	0.565	
	1.64	
	1.01	
	-0.301	
	2.88	
	-3.73	
	0.414	
	1.89	
	-2.13	
	0.663	
	2.92	
	0.729	
	0.209	
	0.559	
	-0.991	
	-1.93	
	-1.32	
	-1.05	
	2.13	
	0.284	
	-1.1	
	-1.49	
	-1.28	
	-0.109	
	1.04	
	3.27	
	-2.08	
	-0.375	
	0.154	
	-0.88	
	1.31	
	2.14	
	-0.442	
	-1.49	
	-3.19	
	-3.78	
	0.343	
	-1.42	
	-2.98	
	-0.656	
	-1.87	
	-1.68	
	-3.12	
	0.402	
	1.79	
	3.09	
	0.111	
	0.0707	
	-1.26	
	0.162	
	-1.11	
	1.81	
	2.16	
	-1.17	
	-0.292	
	0.518	
	-0.733	
	-3.76	
	-2	
	1.38	
	-1.5	
	-1.52	
	0.994	
	-1.94	
	-0.0227	
	2.72	
	1.89	
	0.185	
	-1.54	
	-2.69	
	1.04	
	-1.13	
	-1.89	
	-0.832	
	-0.154	
	1.47	
	2.87	
	2.84	
	0.0375	
	2.09	
	0.0316	
	1.12	
	1.29	
	-2.99	
	0.328	
	3.9	
	-2.41	
	-3.38	
	0.255	
	-2.67	
	-0.48	
	-1.24	
	-2.6	
	1.59	
	-1.1	
	-3.81	
	-0.724	
	-0.0844	
	0.582	
	-0.215	
	2.31	
	0.441	
	-1.97	
	0.935	
	-1.32	
	0.322	
	0.798	
	0.43	
	-1.74	
	-0.299	
	-2.81	
	3.6	
	1.26	
	2.89	
	-1.24	
	-1.11	
	-0.935	
	-2.67	
	-2.54	
	1.64	
	-1.81	
	0.739	
	1.82	
	0.965	
	1.06	
	-0.0968	
	2.25	
	-3.15	
	1.2	
	-2.34	
	0.691	
	0.514	
	-1.88	
	2	
	0.757	
	2.19	
	-2.8	
	-0.609	
	0.217	
	2.12	
	-0.26	
	-0.191	
	-2.42	
	1.75	
	1.37	
	1.1	
	-0.838	
	-1.85	
	0.428	
	3.05	
	1.98	
	2.33	
	1.37	
	0.142	
	0.167	
	-1.68	
	1.39	
	-1.42	
	-1.73	
	0.82	
	-2.3	
	-2.66	
	0.634	
	-1.63	
	0.519	
	2.85	
	-2.24	
	0.35	
	-0.778	
	1.46	
	-3.71	
	2.79	
	2.3	
	1.18	
	-0.752	
	-0.773	
	0.33	
	-1.53	
	-2.83	
	0.499	
	-0.367	
	-0.506	
	0.778	
	0.23	
	0.878	
	0.385	
	-0.847	
	0.738	
	-1.19	
	-1.14	
	1.24	
	-0.749	
	-1.75	
	0.387	
	0.219	
	-2.2	
	0.976	
	-1.88	
	-1.78	
	1.68	
	2.18	
	-0.653	
	-0.384	
	2.47	
	-0.216	
	1.07	
	1.07	
	1.22	
	-2.14	
	-0.982	
	2.43	
	-2.28	
	-1.14	
	-3.28	
	1.21	
	-0.347	
	2.79	
	-1.02	
	0.699	
	-1.84	
	0.627	
	0.992	
	-1.5	
	2.62	
	-1.17	
	-0.201	
	0.973	
	-0.392	
	2.26	
	-1.24	
	-0.461	
	0.765	
	-4.34	
	0.839	
	0.313	
	-1.27	
	1.63	
	2.62	
	-1.3	
	-1.83	
	-0.336	
	-0.862	
	0.516	
	4.46	
	-1.09	
	-1.46	
	-0.164	
	-0.263	
	0.206	
	0.404	
	0.923	
	-1.06	
	-1.07	
	-1.47	
	-0.521	
	-3.38	
	0.621	
	1.38	
	-2.94	
	-1.59	
	-3.19	
	-0.717	
	-0.321	
	1.25	
	1.55	
	-0.642	
	-2.31	
	2.24	
	-1.46	
	-0.565	
	1.27	
	-2.4	
	-0.175	
	2.38	
	-0.754	
	-0.306	
	-4.18	
	-1.67	
	-0.0224	
	-0.516	
	1.21	
	2.43	
	-2	
	-0.374	
	-0.0185	
	1.18	
	-3.67	
	-0.3	
	0.796	
	0.501	
	-0.671	
	0.969	
	2.29	
	-1.14	
	0.105	
	1.76	
	0.63	
	-0.617	
	-1.45	
	0.999	
	0.456	
	-2.69	
	-0.655	
	-3.36	
	0.778	
	-0.0507	
	0.907	
	0.661	
	1.64	
	-2.82	
	-1.62	
	-0.327	
	-2.69	
	-1.87	
	3.54	
	0.0202	
	-2.73	
	-0.5	
	-0.211	
	-1.3	
	-0.821	
	1.23	
	1.04	
	0.985	
	0.667	
	1.66	
	0.891	
	0.193	
	-0.529	
	0.337	
	0.0829	
	0.155	
	0.133	
	-0.859	
	-1.65	
	2.07	
	-1.32	
	-0.797	
	0.601	
	1.85	
	1.56	
	-0.114	
	0.982	
	-1.14	
	-0.287	
	1.7	
	-1.6	
	0.864	
	0.524	
	1.36	
	0.884	
	1.51	
	1.26	
	-0.433	
	3.03	
	1.29	
	0.141	
	-0.123	
	0.62	
	-2.03	
	0.683	
	-1.95	
	-1.42	
	0.346	
	2.73	
	3.94	
	-1.32	
	-0.983	
	-1.76	
	1.45	
	1.26	
	-1.12	
	-0.942	
	-2.8	
	-2.3	
	1.09	
	1.03	
	-3.08	
	2.52	
	1.17	
	-2.06	
	-0.311	
	-0.00144	
	1.16	
	-3.66	
	2.35	
	1.01e-05	
	1.11	
	-1.46	
	-0.931	
	-0.596	
	0.461	
	-3.7	
	-0.307	
	-1.2	
	-0.0242	
	0.815	
	-1.13	
	-0.0958	
	-3.87	
	-1.82	
	-1.79	
	3.38	
	-0.953	
	-2	
	3.3	
	0.451	
	0.592	
	-1.54	
	2.37	
	3.64	
	0.149	
	2.19	
	1.49	
	1.33	
	-0.121	
	-3.09	
	-1.16	
	0.358	
	0.84	
	1.74	
	2.55	
	-1.28	
	-2.04	
	-1.25	
	-1.02	
	-2.23	
	-0.607	
	2.24	
	0.505	
	0.674	
	-3.65	
	0.378	
	-0.193	
	0.998	
	-0.439	
	-3.08	
	-1.88	
	2.86	
	-2.02	
	1.54	
	-3.14	
	0.563	
	2.65	
	1.23	
	-0.586	
	0.741	
	0.483	
	2.73	
	-0.542	
	0.61	
	-1.73	
	-3.33	
	-1.87	
	-1.88	
	-0.232	
	0.454	
	0.0714	
	3.77	
	1.53	
	-3.34	
	-1.3	
	1.11	
	-0.0648	
	-1.33	
	1.04	
	0.0532	
	-0.522	
	0.159	
	-0.304	
	-2.03	
	0.446	
	0.536	
	1.21	
	0.647	
	-1.55	
	0.91	
	-1.41	
	1.58	
	2.39	
	-1.58	
	3.95	
	2.96	
	-0.8	
	2.65	
	-1.25	
	-0.00457	
	-1.7	
	-3.96	
	1.11	
	-2.64	
	-0.858	
	-2.57	
	-3	
	2.9	
	0.122	
	1.13	
	0.707	
	-1.59	
	0.141	
	-2.39	
	1.25	
	-1.26	
	2.01	
	-1.36	
	-0.934	
	1.6	
	3.8	
	-0.338	
	2.4	
	-0.138	
	-1.68	
	0.778	
	-1.27	
	-3.37	
	2.39	
	-0.539	
	1.55	
	-0.844	
	0.658	
	-1.68	
	-0.242	
	-0.274	
	-0.328	
	0.377	
	-1.32	
	0.7	
	-0.441	
	-2.74	
	3.78	
	-2.05	
	-0.238	
	0.177	
	0.449	
	-1.66	
	-0.978	
	0.508	
	-0.313	
	-0.137	
	0.622	
	1.15	
	-0.949	
	-0.728	
	-0.359	
	3.23	
	1.54	
	-1.26	
	-0.756	
	-0.333	
	1.02	
	-1.92	
	-0.0334	
	1.34	
	3.2	
	-2.83	
	-0.654	
	0.87	
	0.309	
	-1.15	
	-0.62	
	2.02	
	-0.308	
	1.79	
	-2.15	
	-2.08	
	1.93	
	1.12	
	-0.532	
	-1.38	
	0.466	
	2.04	
	2.53	
	-0.285	
	-1.75	
	-2.86	
	-0.941	
	-2.19	
	1.34	
	-1.74	
	-0.412	
	-2.65	
	-1.27	
	-1.38	
	1.9	
	1.49	
	0.129	
	-2.22	
	-1.71	
	-0.198	
	-0.705	
	-0.815	
	-0.568	
	-0.349	
	-1.98	
	-0.845	
	0.493	
	1.68	
	-2.13	
	-1.49	
	-0.705	
	-2.5	
	-1.79	
	0.832	
	-2.82	
	-1.57	
	0.754	
	-0.477	
	-3.77	
	0.411	
	-2.91	
	-0.0601	
	-3.01	
	-0.557	
	-1.02	
	-1.57	
	-1.2	
	0.516	
	-0.682	
	0.213	
	1.37	
	0.0304	
	1.74	
	0.431	
	0.221	
	0.5	
	-2.02	
	2.39	
	0.658	
	-0.879	
	-2.22	
	1.61	
	2.28	
	-2.72	
	-2.92	
	-1.11	
	1.56	
	1.1	
	-2.02	
	-1.02	
	0.122	
	-0.0088	
	1.77	
	1.46	
	-2.66	
	1.45	
	-1.04	
	-1.35	
	3.17	
	-1.57	
	-1.3	
	-1.06	
	0.725	
	0.896	
	-0.309	
	2.45	
	-2.36	
	-4.1	
	3.07	
	0.739	
	0.541	
	-1.81	
	-1.9	
	0.0639	
	-1.76	
	0.63	
	1.26	
	0.686	
	-0.733	
	0.261	
	1.56	
	-0.655	
	-0.0533	
	-1.04	
	-2.83	
	3.63	
	-0.451	
	0.304	
	1.1	
	0.901	
	-0.832	
	-0.39	
	-2.51	
	-0.146	
	-0.923	
	-2.33	
	-1.27	
	-3.29	
	0.341	
	0.499	
	2.14	
	0.0469	
	-1.43	
	0.423	
	0.186	
	-0.81	
	3.2	
	2.34	
	-0.299	
	1.48	
	-1.14	
	0.125	
	1.43	
	-1.04	
	0.738	
	0.948	
	-0.415	
	-1.09	
	-1.08	
	-0.372	
	0.993	
	-2.16	
	1.45	
	0.53	
	2.07	
	-2.44	
	-3.17	
	-3.36	
	1.94	
	0.0534	
	-3.16	
	0.084	
	1.6	
	1.9	
	-1.63	
	2.09	
	0.615	
	2.44	
	1.97	
	3.66	
	-0.992	
	-3.36	
	-0.307	
	1.6	
	2.03	
	-0.645	
	1.33	
	-0.261	
	1.15	
	0.198	
	-3.74	
	-1.97	
	-1.07	
	-0.972	
	-0.547	
	-0.492	
	2.5	
	1.65	
	1.47	
	-3	
	0.462	
	-0.344	
	-1.75	
	1.59	
	0.998	
	0.567	
	-2.81	
	1.16	
	1.93	
	-0.182	
	-3.51	
	0.151	
	0.0511	
	-1.27	
	-0.965	
	-0.34	
	-1.24	
	0.765	
	-1.21	
	1.98	
	-0.504	
	1.78	
	-0.601	
	-3.02	
	2.61	
	2	
	0.0705	
	0.192	
	-1.77	
	-1.4	
	2.04	
	-1.56	
	3.06	
	1.6	
	0.425	
	0.38	
	-2.05	
	-1.09	
	-1.46	
	-0.607	
	-1.54	
	2.21	
	-3.37	
	-2.41	
	1.93	
	0.389	
	2.36	
	-0.394	
	1.2	
	0.134	
	0.433	
	-2.87	
	0.127	
	1.62	
	-0.436	
	-0.232	
	2.36	
	1.07	
	3.12	
	-0.681	
	0.906	
	-0.276	
	0.541	
	2.25	
	2.74	
	-2.11	
	-1.8	
	1.53	
	2.72	
	0.98	
	-0.643	
	0.875	
	-0.729	
	-0.346	
	2.3	
	-0.406	
	1.22	
	0.746	
	0.427	
	-3.16	
	1.87	
	0.495	
	0.127	
	2.78	
	-0.557	
	-1.64	
	3.69	
	2.26	
	0.99	
	1.02	
	-2.77	
	-0.441	
	-1.14	
	2.75	
	1.16	
	-1.35	
	-3.65	
	0.0522	
	-2.44	
	-1.3	
	2.37	
	-1.79	
	0.929	
	-1.47	
	-2.02	
	3.4	
	1.19	
	2.05	
	0.244	
	-0.986	
	-0.731	
	1.3	
	-2.02	
	0.0265	
	-2.05	
	-0.727	
	2.62	
	-0.48	
	2.76	
	-0.811	
	-1.35	
	0.27	
	-1.11	
	-0.0115	
	-2.99	
	1.03	
	0.419	
	-1.4	
	0.0391	
	-0.876	
	1.4	
	-2.26	
	-0.875	
	1.05	
	0.898	
	0.631	
	0.405	
	1.3	
	-0.81	
	0.577	
	0.462	
	-1.01	
	0.954	
	-2.09	
	0.43	
	2.61	
	0.932	
	-0.414	
	1.01	
	-1.72	
	-2.14	
	-0.295	
	0.955	
	-0.96	
	-1.94	
	-0.281	
	-0.992	
	-2.26	
	0.124	
	0.0627	
	0.993	
	1.04	
	3.17	
	-0.604	
	-2.73	
	2.6	
	0.808	
	1.6	
	-1.03	
	2.57	
	3.54	
	-1.53	
	1.3	
	-0.878	
	-0.773	
	1.74	
	1.13	
	-1.24	
	-2.12	
	-3.42	
	-1.3	
	0.522	
	2.29	
	-0.459	
	-0.0313	
	-0.262	
	-1.24	
	0.863	
	2.72	
	1.94	
	3.22	
	2.61	
	2.16	
	0.37	
	1.39	
	0.013	
	1.83	
	0.94	
	0.481	
	0.521	
	-0.846	
	-0.696	
	3.69	
	-1.28	
	-2.42	
	-0.0856	
	0.218	
	1.54	
	3.31	
	-2.02	
	1.43	
	3.6	
	0.0319	
	0.622	
	-2.01	
	-2.68	
	0.284	
	3.66	
	2.17	
	-0.377	
	3.31	
	-2.89	
	-2.17	
	1.3	
	2.48	
	3.2	
	2.3	
	-1.61	
	-0.396	
	-0.871	
	0.626	
	-0.34	
	-0.427	
	-1.91	
	0.597	
	-1.76	
	2.35	
	-0.689	
	-0.543	
	2.67	
	-2.53	
	0.219	
	-2.76	
	-0.426	
	1.04	
	2.06	
	-0.339	
	-0.348	
	-1.54	
	0.825	
	-2.77	
	1.17	
	-1.07	
	0.494	
	-1.2	
	1.09	
	-0.751	
	-0.157	
	0.44	
	-0.0432	
	-0.015	
	1.45	
	2.28	
	1.14	
	-1.99	
	-2.51	
	3.08	
	-2.38	
	3.42	
	-2.7	
	0.372	
	1.57	
	0.115	
	0.179	
	-1.66	
	0.92	
	0.97	
	0.534	
	0.158	
	1.35	
	1.93	
	-0.242	
	-0.187	
	2.7	
	1.14	
	1.3	
	1.47	
	-1.52	
	-0.0252	
	2.1	
	-0.638	
	1.24	
	0.603	
	-0.113	
	0.401	
	-0.508	
	0.453	
	-4.15	
	-0.546	
	2.28	
	-2.41	
	0.183	
	2.19	
	1.73	
	0.608	
	0.113	
	2.31	
	0.632	
	-2.54	
	-0.573	
	1.8	
	-0.537	
	-3.34	
	-2.63	
	-0.238	
	-1.29	
	0.193	
	-1.56	
	-1.38	
	1.36	
	-1.21	
	-0.571	
	-0.273	
	0.559	
	0.943	
	-3.17	
	4.22	
	0.0173	
	0.76	
	0.227	
	1	
	0.389	
	-0.615	
	-1.11	
	-0.306	
	-0.497	
	-0.287	
	-0.594	
	0.207	
	0.44	
	1.92	
	1.91	
	-2.35	
	0.0953	
	-0.168	
	0.979	
	-2.53	
	0.565	
	1.37	
	-3.68	
	2.59	
	-2.44	
	0.451	
	-0.0616	
	2.69	
	2.02	
	-0.448	
	-2.31	
	-0.355	
	2.02	
	-0.754	
	-3.14	
	-1.26	
	-2.9	
	-0.415	
	2.39	
	-0.0278	
	-0.361	
	1.22	
	-0.145	
	-0.238	
	-0.582	
	-0.03	
	-2.57	
	-2.35	
	-2.63	
	1.26	
	-0.242	
	-1.77	
	1.07	
	-0.611	
	1.23	
	1.84	
	1.08	
	-1.98	
	-2.34	
	0.117	
	0.17	
	1.92	
	-0.892	
	1.78	
	1.29	
	4.02	
	-1.48	
	-0.854	
	0.527	
	3.07	
	-4.83	
	-1.94	
	-1.65	
	-0.203	
	-0.354	
	-1.8	
	0.286	
	-1.44	
	1.65	
	-1.3	
	-1.78	
	-0.817	
	1.76	
	-1.76	
	0.792	
	1.55	
	1.56	
	-0.294	
	-0.00483	
	-1.51	
	1.89	
	-1.65	
	2.32	
	-2.51	
	0.882	
	-0.247	
	1.57	
	-2.71	
	0.605	
	-2.33	
	2.13	
	0.677	
	0.95	
	1.52	
	0.499	
	0.51	
	-0.535	
	2.45	
	1.32	
	-0.296	
	2.89	
	-1.91	
	2.65	
	-2.61	
	-0.81	
	-0.64	
	-2.06	
	2.51	
	-1.32	
	0.287	
	1.3	
	3.65	
	-1.47	
	-1.8	
	-0.773	
	1.09	
	0.725	
	0.118	
	-0.668	
	1.26	
	1.96	
	3.35	
	1.25	
	0.92	
	0.436	
	-2.12	
	2.7	
	2.01	
	-1.32	
	4.33	
	0.914	
	1.23	
	-1.63	
	-2.04	
	-0.169	
	0.0324	
	-0.246	
	-4.48	
	-1.76	
	0.171	
	-0.154	
	0.612	
	-0.688	
	-0.104	
	2.51	
	-1.03	
	-2.27	
	2.92	
	0.206	
	-0.533	
	2.62	
	-0.9	
	-0.397	
	1.69	
	-1.94	
	-2.7	
	-1.63	
	0.267	
	-0.87	
	-2.34	
	4.3	
	0.261	
	-2.08	
	-0.172	
	-0.878	
	2.22	
	-4.38	
	-3.44	
	-0.338	
	0.914	
	2	
	-1.98	
	1.46	
	-1.48	
	0.25	
	0.284	
	1.71	
	-2.34	
	-0.608	
	-0.471	
	0.961	
	0.659	
	0.762	
	1.55	
	0.148	
	-1.48	
	-2.03	
	-2.55	
	1.63	
	2.5	
	-1.75	
	1.78	
	-1.44	
	2.47	
	-3.62	
	-0.511	
	3.07	
	0.109	
	1.37	
	0.331	
	-0.805	
	-0.75	
	0.162	
	-2.29	
	-2.33	
	-1.8	
	-1.1	
	1.93	
	0.647	
	-1.46	
	3.39	
	-2.4	
	0.444	
	-0.711	
	0.1	
	-0.875	
	-1	
	1.96	
	-1.11	
	-0.0377	
	-2.52	
	1.84	
	-0.137	
	-0.892	
	-0.857	
	4.5	
	-0.204	
	-0.296	
	-0.599	
	0.162	
	-3.03	
	3.36	
	-2.29	
	1.26	
	1.71	
	-3.1	
	0.615	
	-0.301	
	-2.73	
	2.73	
	0.391	
	3.83	
	-0.276	
	-2.24	
	-3.09	
	-0.915	
	1	
	4.13	
	1.87	
	1.6	
	-2.59	
	-2.95	
	-1.69	
	0.268	
	-2.54	
	-1.18	
	2.92	
	-3.43	
	-0.67	
	1.3	
	-0.189	
	1.08	
	-2.92	
	4.46	
	-0.379	
	2.56	
	1.03	
	-0.264	
	3.7	
	-1.84	
	-0.24	
	0.368	
	-0.122	
	-0.278	
	-2.77	
	-1.24	
	1.54	
	1.66	
	-1.09	
	1.44	
	-1.31	
	-2.33	
	-3.88	
	1.72	
	-1.39	
	-2.8	
	0.471	
	0.0831	
	-1.27	
	-2.77	
	-2.58	
	0.917	
	-1.97	
	-0.652	
	-1.77	
	0.535	
	1.46	
	-1.49	
	-2.14	
	1.73	
	0.973	
	-0.734	
	-0.189	
	-2.06	
	-0.797	
	1.55	
	0.172	
	0.437	
	-1.97	
	0.069	
	1.59	
	-0.284	
	2.48	
	-0.561	
	-0.815	
	0.806	
	-0.632	
	-2.75	
	3.16	
	-0.803	
	-0.0153	
	-0.899	
	0.378	
	-4.27	
	-2.67	
	1.4	
	1.43	
	3.37	
	-1.9	
	1.08	
	-2.38	
	1.09	
	-0.335	
	-0.922	
	1.34	
	0.559	
	-1.34	
	1.43	
	-0.811	
	3.97	
	2.11	
	-0.673	
	-1.05	
	-3.25	
	-0.542	
	-0.213	
	2.69	
	-0.108	
	2.21	
	-0.42	
	0.454	
	-0.253	
	-1.28	
	-0.0106	
	0.842	
	-0.865	
	2.62	
	-2.34	
	-1.33	
	-1.49	
	-1.24	
	1.91	
	-0.673	
	-3.13	
	-0.986	
	1.04	
	0.0153	
	2.3	
	2.82	
	0.55	
	-0.808	
	1.1	
	0.295	
	0.636	
	-3.56	
	-1.68	
	-1.75	
	-2.35	
	0.713	
	1.52	
	2.46	
	2.85	
	-1.99	
	-0.971	
	-1.32	
	3.4	
	-1.03	
	2.35	
	-2.09	
	0.0367	
	2.04	
	4.04	
	-4.35	
	2.24	
	-1.54	
	-1.26	
	0.171	
	1.68	
	-0.665	
	0.459	
	0.52	
	-2.24	
	1.22	
	-0.473	
	-1.96	
	-3.88	
	2.15	
	-1.33	
	-1.18	
	0.129	
	0.406	
	-2.12	
	-0.142	
	2.27	
	1.85	
	-0.995	
	0.412	
	-2.64	
	0.604	
	3.12	
	-0.292	
	0.972	
	1.77	
	-0.321	
	0.618	
	1.21	
	1.01	
	1.02	
	3.61	
	-0.24	
	0.178	
	-0.323	
	0.537	
	-0.305	
	1.67	
	1.34	
	1.63	
	-0.762	
	0.46	
	2.39	
	-1.55	
	0.42	
	-2.66	
	-0.113	
	0.601	
	1.14	
	-1.57	
	-0.456	
	2.51	
	-0.406	
	-1.91	
	0.0031	
	0.871	
	-1.75	
	-0.878	
	-3.34	
	2.12	
	-0.697	
	-0.00945	
	-1.42	
	-0.865	
	1.72	
	-1.54	
	0.0789	
	1.02	
	1.2	
	1.19	
	-3.21	
	-4.33	
	1.7	
	3	
	2.4	
	-1.13	
	0.388	
	-3.29	
	-3.59	
	1.86	
	1.16	
	-0.0224	
	1.17	
	-0.677	
	1.96	
	-2.01	
	1.91	
	1.29	
	0.108	
	0.955	
	2.16	
	0.428	
	1.12	
	-1.15	
	2.28	
	-0.594	
	1.32	
	-2.67	
	-0.838	
	-3.28	
	-0.192	
	-0.0395	
	-1.75	
	0.801	
	-0.125	
	3.15	
	0.174	
	0.718	
	0.296	
	1.18	
	1.65	
	-1.73	
	-0.335	
	-3.2	
	2.09	
	2.23	
	2.13	
	3.24	
	1.46	
	-2.59	
	-1.99	
	0.58	
	-0.786	
	-3.48	
	2.93	
	-3.37	
	0.417	
	-2.94	
	3.78	
	-1.08	
	0.916	
	-1.14	
	-1.31	
	-2.66	
	1.92	
	2.75	
	1.28	
	-2.81	
	-1.91	
	-1.27	
	0.763	
	1.13	
	-2.91	
	0.343	
	-1.74	
	-2.26	
	1.31	
	1.38	
	-1.86	
	-0.415	
	-0.703	
	0.739	
	-0.167	
	1.09	
	1.96	
	-1.93	
	1.67	
	-0.57	
	2.76	
	-1.03	
	-1.76	
	-2.77	
	-2.89	
	-0.0682	
	-1.63	
	-3.35	
	-0.66	
	2.77	
	0.65	
	1.48	
	-0.76	
	-1.28	
	-3.43	
	-1.1	
	-4.04	
	0.901	
	0.348	
	-0.0117	
	-2.71	
	1.01	
	-1.22	
	-2.05	
	1.2	
	0.00856	
	-0.0222	
	-0.64	
	0.803	
	-0.117	
	2.73	
	-0.965	
	-0.0774	
	-1.97	
	1.64	
	0.0161	
	-2.15	
	-2.09	
	-1.32	
	3.65	
	-0.626	
	-0.624	
	-1.27	
	-0.388	
	1.99	
	-0.294	
	-2.9	
	-1.48	
	1.48	
	0.448	
	-0.338	
	0.107	
	-2.03	
	-1.6	
	-0.144	
	1.84	
	-0.903	
	0.982	
	-0.203	
	2.83	
	-1.82	
	1.76	
	1.47	
	-0.524	
	-1.92	
	-3.6	
	-1.99	
	-1.21	
	-1.32	
	-0.147	
	-0.597	
	-0.963	
	-2.69	
	-1.03	
	-0.804	
	-1.86	
	1.17	
	-1.22	
	-4.18	
	-2.22	
	1.89	
	1.23	
	1.34	
	1.24	
	2.18	
	1.06	
	0.0903	
	2.09	
	1.78	
	0.769	
	3.41	
	1.26	
	-3.23	
	0.821	
	-3.34	
	1.5	
	1.36	
	2.55	
	0.814	
	-1.39	
	-1.13	
	-0.311	
	-1.89	
	0.837	
	-0.656	
	2.26	
	-0.412	
	-3.06	
	-0.457	
	-0.0921	
	-1.19	
