	0.508	
	0.57	
	-3.39	
	-3	
	0.306	
	-0.598	
	-1.57	
	-0.334	
	-0.0845	
	2.22	
	1.87	
	2.01	
	0.46	
	0.802	
	-1.86	
	0.728	
	-0.577	
	1.17	
	-2.62	
	-0.647	
	-1.96	
	-1.54	
	2.73	
	-0.839	
	-0.811	
	-0.153	
	-1.81	
	2.23	
	-0.29	
	-0.978	
	0.207	
	0.772	
	0.0108	
	-0.353	
	1.2	
	1.21	
	1.6	
	0.47	
	1.1	
	2.03	
	-2.29	
	-0.0492	
	-0.685	
	2.47	
	-1.5	
	-1.73	
	0.0298	
	0.796	
	-0.631	
	1.14	
	0.582	
	1	
	2.24	
	-1.2	
	-1.67	
	1.71	
	-0.534	
	1.17	
	0.166	
	-1.11	
	-2.32	
	-2.08	
	-1.45	
	2.04	
	2.19	
	0.0339	
	1.16	
	1.6	
	1.18	
	-2.31	
	3.11	
	1.93	
	0.656	
	-1.77	
	-0.0355	
	-1.42	
	0.448	
	-1.57	
	-0.329	
	-0.164	
	-1.19	
	-0.17	
	-1.68	
	0.952	
	1.34	
	-1.43	
	1.18	
	-0.38	
	-2.16	
	-0.853	
	-3.05	
	1.16	
	1.79	
	0.695	
	-2.85	
	1.28	
	-2.78	
	-3.62	
	1.32	
	0.249	
	-0.597	
	1.39	
	-0.0847	
	0.208	
	-1.26	
	1.08	
	2.29	
	-1.16	
	0.943	
	-0.0925	
	0.251	
	0.434	
	0.545	
	-2.16	
	0.405	
	1.01	
	-1.5	
	-0.915	
	1.15	
	0.941	
	-0.589	
	-1.1	
	-0.246	
	-0.0982	
	0.48	
	1.31	
	1.23	
	-1.06	
	-3.66	
	0.925	
	-0.6	
	0.918	
	1.47	
	1.36	
	0.745	
	0.0917	
	-1.77	
	2.5	
	-1.25	
	-1.61	
	-2.06	
	-1.6	
	-1.26	
	-0.713	
	0.217	
	-0.376	
	3.18	
	-0.875	
	0.249	
	-1.33	
	-0.614	
	-2.25	
	-1.38	
	1.72	
	1.98	
	0.254	
	1.44	
	-0.884	
	1.48	
	0.337	
	-2.17	
	2.48	
	2.52	
	-1.33	
	4.22	
	-0.777	
	-1.85	
	-2.26	
	-0.369	
	-0.717	
	2.44	
	-2.02	
	1.5	
	2.27	
	-0.867	
	0.517	
	-2.26	
	0.189	
	0.49	
	1.07	
	-0.39	
	1.4	
	-0.0504	
	-0.00776	
	0.329	
	0.658	
	-0.661	
	-0.646	
	-2.08	
	1.2	
	-1.41	
	0.0356	
	-0.691	
	-1.97	
	-1.5	
	-2.35	
	1.84	
	1.1	
	-1.66	
	3.03	
	-0.357	
	1.09	
	-2.22	
	2.25	
	-2.12	
	-1.81	
	-0.875	
	0.036	
	-0.777	
	-0.961	
	1.31	
	-1.25	
	1.99	
	1.91	
	-1.84	
	2.14	
	2.04	
	-0.149	
	0.0808	
	-0.668	
	4.11	
	2.6	
	-0.661	
	-2.86	
	0.541	
	0.58	
	-0.474	
	-0.989	
	1.21	
	0.401	
	2.57	
	0.454	
	-2.08	
	1.82	
	0.685	
	-2.26	
	-3.53	
	0.0458	
	1.05	
	-0.118	
	0.833	
	-3.5	
	-0.587	
	-0.611	
	1.99	
	-0.397	
	0.835	
	-1.02	
	-0.24	
	0.139	
	-1.22	
	-0.331	
	1.03	
	-0.923	
	-0.206	
	0.257	
	0.695	
	2.91	
	2.25	
	-0.28	
	1.27	
	1.16	
	-2.55	
	0.481	
	-0.759	
	-2.87	
	-0.237	
	-3.95	
	-1.87	
	2.29	
	3.36	
	-0.278	
	-0.00647	
	1.31	
	1.01	
	1.34	
	-1.22	
	-0.0491	
	4.17	
	-0.801	
	-0.442	
	0.759	
	0.521	
	2.51	
	-1.28	
	2.53	
	0.697	
	-1.45	
	-2.63	
	1.16	
	-1.86	
	1.57	
	-1.54	
	-1.06	
	3.55	
	-0.664	
	-1.39	
	-1.17	
	0.349	
	-1.33	
	-0.76	
	1.92	
	0.64	
	0.381	
	2.43	
	-0.669	
	1.15	
	1.21	
	-0.235	
	0.263	
	2.99	
	-0.684	
	-0.81	
	0.622	
	1.34	
	0.248	
	-1.59	
	-0.884	
	-0.00845	
	1.26	
	-3.07	
	0.205	
	-0.552	
	2.67	
	-1.03	
	0.338	
	-1.03	
	-1.47	
	-1.58	
	1.82	
	-0.588	
	-0.691	
	2.58	
	0.668	
	-1.64	
	1.93	
	0.023	
	-0.757	
	-0.766	
	0.976	
	-1.58	
	0.635	
	0.656	
	1.66	
	-1.56	
	-1.86	
	0.0955	
	-0.934	
	-0.00026	
	1.04	
	-0.218	
	0.693	
	-3	
	-0.343	
	0.436	
	-1.39	
	0.647	
	0.726	
	-1.33	
	1.11	
	-2.24	
	-2.97	
	-2.39	
	-1.48	
	1.03	
	0.88	
	-1.12	
	2.66	
	-1.11	
	0.31	
	1.2	
	3.9	
	0.674	
	0.126	
	-1.02	
	2.7	
	-0.0912	
	0.753	
	-0.803	
	2.32	
	1.26	
	0.725	
	-0.227	
	0.708	
	1.08	
	0.577	
	1.6	
	-0.992	
	1.06	
	1.23	
	-2.69	
	-4.49	
	-0.93	
	2.46	
	0.328	
	1.49	
	0.902	
	0.499	
	-1.19	
	1.06	
	0.226	
	0.167	
	-1.79	
	-3.22	
	-0.623	
	-0.885	
	0.376	
	-1.02	
	1.17	
	-0.845	
	1.27	
	-1.48	
	-0.507	
	-1.47	
	-0.518	
	-1.59	
	0.717	
	-1.09	
	-0.43	
	-0.917	
	-0.263	
	3.61	
	1.12	
	0.355	
	1.93	
	1.57	
	-0.641	
	-2.71	
	-4.69	
	-1.65	
	2.06	
	1.12	
	-0.493	
	-1.01	
	-1.26	
	-0.444	
	-0.99	
	1.23	
	1.26	
	2.46	
	0.646	
	1.05	
	0.603	
	0.399	
	2.4	
	2.24	
	-1.54	
	-0.348	
	-2.59	
	0.396	
	-0.334	
	1.75	
	-2.97	
	-0.144	
	1.13	
	2.73	
	-1.13	
	-1.75	
	3.23	
	-0.251	
	1.03	
	-1.08	
	-0.799	
	0.555	
	1.02	
	-2.23	
	0.204	
	0.343	
	2.95	
	0.205	
	1.91	
	0.182	
	-0.108	
	0.192	
	-1.75	
	-0.708	
	-0.684	
	1.18	
	-0.471	
	-1.79	
	-0.0408	
	0.555	
	-1.18	
	0.892	
	-2.51	
	-0.24	
	1.1	
	1.11	
	-2.52	
	0.528	
	0.709	
	3.16	
	-0.288	
	-1.91	
	1.08	
	-2	
	-1.48	
	-0.0458	
	0.231	
	0.362	
	0.834	
	-3.6	
	-0.266	
	-1.47	
	1.53	
	-2.16	
	-0.22	
	3.13	
	-1.7	
	-1.05	
	-0.446	
	0.605	
	-0.331	
	-1.18	
	-0.295	
	0.848	
	-1.69	
	-0.2	
	2.33	
	-0.0103	
	-1.02	
	1.67	
	-0.219	
	2.4	
	-1.07	
	-2.74	
	0.769	
	1.15	
	-0.771	
	-0.93	
	1.19	
	2.22	
	1.65	
	1.22	
	-0.869	
	0.167	
	-1.85	
	0.638	
	0.507	
	1.15	
	-3.45	
	1.24	
	1.03	
	-1.84	
	-0.64	
	-2.81	
	-0.467	
	-1.42	
	-1.13	
	-0.606	
	1.65	
	0.448	
	0.125	
	0.159	
	1.28	
	1.09	
	-1.47	
	-1	
	1.61	
	0.871	
	-0.211	
	-0.134	
	-0.00976	
	0.832	
	-0.966	
	-1.8	
	0.749	
	1.6	
	0.674	
	3.35	
	-3.29	
	-0.923	
	-1.65	
	1.24	
	0.606	
	0.309	
	1.57	
	-0.943	
	-1.76	
	0.522	
	-0.531	
	-1.73	
	0.455	
	-1.57	
	0.431	
	0.861	
	-1.82	
	-1.94	
	0.0454	
	0.627	
	-0.842	
	1.57	
	0.536	
	0.788	
	2.03	
	-0.318	
	0.0466	
	0.0786	
	-2.87	
	2.24	
	-0.387	
	-1.04	
	2.04	
	4.48	
	1.57	
	0.456	
	-1.02	
	0.725	
	1.33	
	-2.01	
	0.632	
	-2.68	
	-4.31	
	-0.774	
	0.486	
	3.56	
	0.166	
	2.48	
	1.75	
	1.18	
	-0.383	
	-0.979	
	2.28	
	-1.77	
	-0.0306	
	-0.067	
	0.168	
	2.87	
	0.47	
	1.07	
	0.448	
	-1.75	
	-2.01	
	-0.323	
	-2.54	
	0.337	
	-1.73	
	1.66	
	0.607	
	1.35	
	-1.52	
	0.000861	
	0.00424	
	1.16	
	1.95	
	1.16	
	0.145	
	-0.0514	
	-2.15	
	1.62	
	0.806	
	-1.49	
	-2.46	
	2.2	
	-1.31	
	-0.792	
	-0.729	
	0.446	
	1.2	
	-3.24	
	0.624	
	2.3	
	1.48	
	-1.57	
	2.05	
	0.946	
	0.562	
	2.55	
	-1.72	
	1.85	
	0.856	
	-1.64	
	1.45	
	-1.57	
	-0.459	
	0.324	
	-1.1	
	0.624	
	0.0941	
	-0.821	
	2.02	
	-0.96	
	-1.21	
	-1.01	
	0.274	
	0.558	
	-1.35	
	0.932	
	-1.46	
	-0.663	
	-1.47	
	1.09	
	1.18	
	1.65	
	0.0968	
	-2.14	
	1.83	
	-2.59	
	-0.56	
	2.53	
	-1.65	
	-2.61	
	-0.284	
	0.481	
	-0.61	
	-0.751	
	0.736	
	1.54	
	1.53	
	2.59	
	0.778	
	-0.217	
	-0.501	
	-1.93	
	0.527	
	-0.0953	
	-2.01	
	-3.51	
	-1.05	
	-0.505	
	0.0308	
	-0.505	
	-1.66	
	0.388	
	1.92	
	0.555	
	-0.636	
	-0.126	
	0.396	
	3.62	
	-0.413	
	-0.144	
	-1.11	
	-2.46	
	0.332	
	-0.334	
	-1.97	
	-1.12	
	-0.686	
	-1.2	
	-0.326	
	1.11	
	1.15	
	0.416	
	-0.848	
	-0.228	
	-1.24	
	0.276	
	1.45	
	0.928	
	-0.841	
	0.59	
	0.808	
	0.495	
	0.58	
	0.278	
	-1.23	
	0.298	
	-2.26	
	-0.25	
	0.35	
	2.51	
	0.75	
	-0.801	
	0.148	
	0.66	
	-2.01	
	0.561	
	0.27	
	-0.305	
	-2.25	
	-3.87	
	1.64	
	-1.94	
	0.197	
	0.389	
	3.52	
	-2.67	
	-0.148	
	-1.23	
	-1.39	
	0.0478	
	1.55	
	-1.05	
	-2.18	
	-1.26	
	0.262	
	-1.26	
	-0.717	
	0.635	
	-1.58	
	-1.32	
	1.91	
	3.17	
	2.4	
	-0.236	
	1.47	
	-1.16	
	4.84	
	-0.358	
	1.12	
	1.14	
	-1.6	
	-2.03	
	-1.35	
	0.514	
	1.57	
	-0.0522	
	0.659	
	0.911	
	-1.57	
	1.85	
	0.0762	
	-0.848	
	0.102	
	1.14	
	2.43	
	-1.25	
	0.382	
	-0.0509	
	-0.917	
	-1.95	
	-0.574	
	-1.89	
	0.415	
	1.19	
	-0.283	
	-0.388	
	0.869	
	-1.07	
	-0.102	
	-0.0777	
	0.34	
	2.76	
	-0.832	
	-2.75	
	-0.0738	
	-0.796	
	4.08	
	-0.272	
	-1.9	
	-2.08	
	-0.854	
	1.3	
	-0.659	
	-0.502	
	-0.0424	
	-2.54	
	-0.386	
	2.67	
	3.33	
	-0.619	
	-0.0458	
	1.49	
	-1.01	
	0.568	
	-1.11	
	-1.68	
	0.0559	
	1.69	
	1.76	
	-1.77	
	-2.53	
	-0.935	
	0.968	
	-1.89	
	1.11	
	1.17	
	-0.587	
	-1.15	
	0.387	
	0.295	
	2.94	
	1.24	
	-1.79	
	1.99	
	-2.43	
	2.95	
	-0.84	
	2.45	
	1.33	
	-0.389	
	0.625	
	0.949	
	-1.79	
	-1.11	
	-0.395	
	-1.35	
	-0.745	
	1.39	
	-3.21	
	1.87	
	-0.838	
	0.742	
	-0.992	
	-1.07	
	0.17	
	0.126	
	-1.99	
	0.719	
	0.64	
	-0.553	
	0.118	
	-0.623	
	-1.27	
	1.65	
	-0.322	
	0.855	
	0.896	
	-1.84	
	-0.664	
	1.26	
	-0.953	
	2.85	
	-2.47	
	-1.52	
	-1.21	
	1.19	
	-0.732	
	-2.57	
	1.08	
	-0.184	
	-0.547	
	1.07	
	0.162	
	-0.0653	
	2.62	
	-1.38	
	0.923	
	0.771	
	-0.479	
	0.143	
	0.211	
	2.22	
	-1.82	
	-1.55	
	-1.78	
	-0.826	
	-1.64	
	-0.963	
	1.78	
	-0.71	
	1.73	
	-0.891	
	0.00453	
	-0.867	
	0.641	
	1.28	
	0.034	
	2.12	
	1.52	
	0.135	
	-1.25	
	-2.4	
	0.719	
	0.41	
	-4.41	
	3.16	
	-1.01	
	1.15	
	0.137	
	-1.11	
	-0.0171	
	1.6	
	-0.864	
	-0.732	
	0.0803	
	-0.603	
	-0.734	
	-2.78	
	-3.18	
	0.871	
	-0.517	
	-2.3	
	0.0512	
	2.13	
	-2.08	
	1.65	
	0.198	
	1.68	
	0.533	
	-0.494	
	0.634	
	1	
	-0.536	
	0.37	
	-1.74	
	-1.74	
	-0.15	
	0.36	
	-0.151	
	-2.02	
	2.76	
	-0.427	
	-0.764	
	-0.579	
	1.51	
	1.73	
	0.445	
	0.885	
	-0.353	
	-2.17	
	-0.423	
	2.09	
	-2.78	
	-2.71	
	0.326	
	0.917	
	-0.846	
	0.836	
	0.405	
	1.94	
	0.205	
	-0.0496	
	-1.29	
	-3.69	
	-0.0737	
	-0.765	
	1.6	
	2.51	
	0.262	
	2.09	
	-0.048	
	-0.967	
	-0.797	
	-2.88	
	1.14	
	0.695	
	2.64	
	1.29	
	-0.0104	
	-0.36	
	-0.89	
	1.74	
	0.596	
	-1.6	
	1.19	
	-2.64	
	0.914	
	-1.98	
	-2.51	
	-0.456	
	-0.707	
	0.812	
	-1.31	
	0.417	
	-1.11	
	1.25	
	1.85	
	1.91	
	-0.892	
	-1.34	
	0.0309	
	-0.145	
	-2.2	
	0.511	
	-0.776	
	-2.16	
	0.236	
	-1.78	
	0.642	
	-1.51	
	0.85	
	0.811	
	-0.126	
	1.82	
	-0.682	
	2.07	
	1.73	
	-0.954	
	-1.77	
	-2.23	
	-0.532	
	-0.0244	
	1.81	
	-0.74	
	-0.533	
	0.652	
	0.813	
	1.79	
	-1.11	
	2.05	
	1.92	
	-3.21	
	2.09	
	-0.847	
	-0.14	
	2.03	
	0.0277	
	1.51	
	0.868	
	0.375	
	-1.07	
	-1.71	
	0.365	
	-0.463	
	0.0819	
	0.984	
	-0.741	
	-1.73	
	-1.19	
	-1.61	
	-1.33	
	0.839	
	1.3	
	0.207	
	1.34	
	1.51	
	-1.7	
	-1.09	
	-0.689	
	-1.7	
	0.773	
	-0.453	
	-2.98	
	-2.05	
	0.245	
	-0.957	
	-2	
	2.4	
	-1.97	
	0.121	
	-1.04	
	-3.5	
	-2.93	
	1.54	
	0.748	
	-0.84	
	0.563	
	2.5	
	-0.841	
	-0.39	
	-3.58	
	0.572	
	0.684	
	-2.22	
	-0.0317	
	-0.271	
	1.3	
	-1.21	
	-1.47	
	1.6	
	0.212	
	-0.237	
	-0.458	
	2.32	
	-2.01	
	3.37	
	0.0276	
	-1.71	
	-2.24	
	0.832	
	0.88	
	1.16	
	-1.59	
	-0.534	
	-0.929	
	1.21	
	1.09	
	-1.47	
	-0.532	
	-0.751	
	-2.13	
	1.73	
	0.355	
	-2.37	
	2.22	
	-0.861	
	-0.95	
	-1.64	
	1.34	
	2.54	
	0.219	
	1.81	
	-0.472	
	0.898	
	1.15	
	-0.658	
	0.056	
	2.15	
	-2.18	
	0.375	
	0.59	
	-0.928	
	1.68	
	-1.86	
	0.135	
	0.798	
	2.15	
	1.46	
	0.373	
	-2.83	
	-0.411	
	-3.58	
	-1.59	
	-0.855	
	2.78	
	-2.96	
	1.15	
	-1.12	
	0.1	
	1.2	
	1.27	
	-0.0505	
	0.19	
	1.77	
	1.51	
	1.14	
	-0.269	
	-0.0334	
	-1.67	
	1.5	
	1.36	
	1.18	
	0.877	
	-0.834	
	0.776	
	-1.11	
	-0.658	
	-0.895	
	0.629	
	1.13	
	-0.718	
	0.971	
	-1.63	
	0.108	
	-3.3	
	-0.235	
	0.794	
	0.392	
	-1.99	
	0.423	
	-0.0995	
	1.01	
	-0.894	
	1.08	
	1.17	
	-0.926	
	-0.909	
	1.11	
	-0.212	
	-0.353	
	-1.75	
	2.43	
	0.846	
	0.383	
	0.0671	
	-2.3	
	0.451	
	-0.694	
	-1.04	
	0.0421	
	1.64	
	-2.03	
	1.28	
	2.14	
	1.27	
	-0.525	
	1.36	
	0.735	
	-1.56	
	-2.08	
	-0.326	
	-1.4	
	0.184	
	-0.315	
	-1.74	
	-0.332	
	2.65	
	0.82	
	-1.57	
	-0.236	
	-1.09	
	-0.615	
	3.08	
	-1.21	
	0.217	
	-1.81	
	-0.68	
	-0.0563	
	0.359	
	-0.24	
	0.448	
	-0.269	
	0.736	
	-1.07	
	0.546	
	-1.57	
	-0.782	
	1.23	
	2.67	
	0.87	
	-0.477	
	-1.62	
	-2.41	
	-1.34	
	-1.01	
	-0.957	
	-0.43	
	-0.934	
	1.65	
	0.44	
	0.112	
	-0.48	
	1.68	
	1.28	
	0.901	
	-3.44	
	2.84	
	-1.52	
	1.5	
	1.08	
	-0.00201	
	-0.787	
	1.09	
	0.899	
	0.246	
	0.83	
	-0.195	
	-0.756	
	-3.16	
	-0.0865	
	1.26	
	0.804	
	1.25	
	-0.268	
	-1.43	
	0.893	
	2.52	
	-1.09	
	-0.619	
	-0.961	
	-1.92	
	-0.1	
	-0.235	
	0.192	
	-3.34	
	-2.3	
	-0.579	
	0.271	
	-1.37	
	-0.797	
	-2.1	
	0.267	
	0.246	
	-1.35	
	-0.0891	
	0.614	
	0.476	
	-1.42	
	0.6	
	-1.61	
	-0.0598	
	-2.14	
	-0.501	
	0.908	
	0.436	
	0.797	
	0.57	
	2.25	
	1.92	
	-2.11	
	1.59	
	-3	
	1.1	
	0.033	
	1.47	
	-1.82	
	0.00727	
	-1.99	
	-1.92	
	1.1	
	-2.79	
	-0.689	
	0.302	
	-1.99	
	-2.37	
	-0.106	
	-0.877	
	0.794	
	-2.12	
	0.419	
	-0.671	
	1.4	
	-0.327	
	-0.537	
	-0.935	
	-1.41	
	-0.453	
	1.45	
	-1.24	
	4.19	
	-0.447	
	1.89	
	0.553	
	1.28	
	1.6	
	1.48	
	-3.25	
	0.616	
	-0.8	
	0.235	
	1.76	
	-1.22	
	0.12	
	1.43	
	1.98	
	-0.518	
	-0.997	
	-1.32	
	0.0224	
	-1.52	
	-1.56	
	-1.29	
	-2.11	
	-1.25	
	-1.49	
	-1.01	
	0.861	
	-0.769	
	1.67	
	1.02	
	-1.16	
	-1.2	
	-2.37	
	-1.69	
	0.902	
	-0.893	
	-2.2	
	0.821	
	-1.83	
	-1.48	
	0.697	
	-0.217	
	0.123	
	-0.329	
	-0.937	
	-2.12	
	1.23	
	0.115	
	1.27	
	-0.26	
	-1.11	
	2.24	
	0.00369	
	-2.11	
	-0.27	
	-1.02	
	2.8	
	0.246	
	-0.69	
	-2.42	
	-2.1	
	1.03	
	0.725	
	-1.16	
	0.916	
	1.45	
	1.36	
	1.24	
	-0.508	
	-1.16	
	0.923	
	2.43	
	3.19	
	2	
	-0.95	
	0.5	
	-2.02	
	0.359	
	-0.231	
	1.52	
	1.26	
	-2.05	
	-3.45	
	-0.908	
	-0.577	
	2.02	
	1.81	
	-1.85	
	-1.97	
	-0.744	
	-1.71	
	3.01	
	-1.88	
	0.648	
	-0.122	
	0.632	
	-1.69	
	-0.99	
	2.47	
	-1.21	
	0.715	
	0.873	
	-0.709	
	-1.98	
	-1.76	
	-1.15	
	0.774	
	-1.17	
	-1.89	
	1.1	
	-1.89	
	0.769	
	1.42	
	0.209	
	-0.229	
	-1.69	
	4.24	
	-2.6	
	-3.39	
	-0.384	
	-2.22	
	0.96	
	-0.718	
	-1.59	
	-0.512	
	2	
	-2.25	
	0.23	
	2.98	
	-0.971	
	0.081	
	-1.16	
	2.04	
	-0.597	
	1.03	
	-2.18	
	0.915	
	1.55	
	1.02	
	-0.789	
	0.221	
	0.202	
	0.585	
	-1.69	
	-0.932	
	1.77	
	-2.12	
	-0.465	
	1.12	
	0.567	
	-1.38	
	-1.79	
	-0.674	
	-3.11	
	0.185	
	-0.935	
	3.3	
	-1.48	
	-1.64	
	0.149	
	1.14	
	2.36	
	0.594	
	-0.103	
	-0.995	
	0.919	
	0.851	
	-0.709	
	-1.1	
	2.06	
	-0.589	
	1.37	
	-0.0118	
	-0.332	
	1.64	
	-1.63	
	-1.8	
	1.88	
	-2.31	
	-1.76	
	-0.54	
	-0.112	
	-1.35	
	-1.8	
	0.341	
	2.9	
	0.0301	
	1.09	
	0.801	
	-3.1	
	0.717	
	-0.628	
	-0.518	
	-1.07	
	-1.49	
	-0.792	
	-0.507	
	-1.66	
	0.746	
	0.927	
	0.0758	
	0.366	
	0.45	
	-1.13	
	1.11	
	2.31	
	1.32	
	0.389	
	-1.23	
	0.322	
	0.534	
	-1.34	
	-2.91	
	-2.68	
	-0.991	
	-1.93	
	-2.52	
	2.41	
	-2.63	
	-0.955	
	-1.07	
	1.27	
	2.28	
	-1.29	
	-0.573	
	1.8	
	0.967	
	-0.153	
	0.187	
	-1.1	
	1.9	
	0.815	
	-0.725	
	-0.839	
	1.58	
	-1.22	
	-0.306	
	0.0822	
	0.525	
	-2.16	
	0.0455	
	0.691	
	-1.09	
	1.41	
	-0.91	
	-0.188	
	0.772	
	-1.82	
	0.792	
	-0.762	
	-0.379	
	0.425	
	2.8	
	0.432	
	2.52	
	0.202	
	-2.2	
	1.56	
	0.0359	
	2.68	
	2.64	
	-1.34	
	0.899	
	-0.526	
	-0.054	
	-0.626	
	1.57	
	-1.45	
	0.671	
	-1.15	
	-0.184	
	-2.21	
	-0.344	
	2.11	
	-0.321	
	-1.4	
	2.3	
	-0.473	
	-0.829	
	-0.768	
	1.28	
	-3.21	
	0.399	
	0.292	
	-1.77	
	-1.65	
	2.62	
	1.17	
	-0.394	
	-1.77	
	-0.83	
	0.322	
	-0.518	
	-0.16	
	-1.49	
	-1.58	
	-2.84	
	-1.21	
	1.56	
	0.746	
	1.3	
	1.45	
	1.7	
	-2.49	
	1.1	
	-2.54	
	-1.75	
	1.85	
	0.844	
	-0.408	
	2.37	
	0.0845	
	2.85	
	-1.18	
	0.209	
	-0.53	
	1.51	
	-1.6	
	-0.513	
	-0.581	
	0.341	
	-0.53	
	-2.47	
	-1.9	
	0.212	
	1.79	
	3.83	
	1.05	
	-1.46	
	0.903	
	0.916	
	1.87	
	-0.173	
	0.203	
	-2.63	
	-0.0772	
	-1.08	
	-1.15	
	-1.41	
	1.11	
	1.12	
	-1.23	
	-0.741	
	2.18	
	1.23	
	-2.85	
	0.512	
	0.151	
	0.541	
	1.04	
	0.97	
	-1.91	
	-0.238	
	1.36	
	-0.221	
	-2.12	
	0.329	
	0.00142	
	-2.12	
	-0.507	
	1.21	
	1.3	
	0.882	
	1.56	
	1.88	
	-0.262	
	2.97	
	0.321	
	0.344	
	-0.556	
	-1.61	
	0.693	
	1.73	
	-2.98	
	2.33	
	1.66	
	0.818	
	-0.739	
	2.51	
	-0.891	
	0.756	
	-0.254	
	1.05	
	-3.19	
	-1.4	
	0.271	
	-0.554	
	3.68	
	1.75	
	-0.907	
	-1.18	
	1.26	
	-0.342	
	1.76	
	0.393	
	-0.00685	
	-0.594	
	-1.43	
	-0.357	
	0.672	
	0.897	
	0.874	
	-1.62	
	0.368	
	0.823	
	0.511	
	2.54	
	-1.95	
	-0.14	
	0.551	
	-2.57	
	1.19	
	-0.568	
	1.65	
	0.447	
	-1.15	
	-1.99	
	0.527	
	-0.597	
	0.0838	
	0.412	
	-2.35	
	0.613	
	-1.02	
	-2.72	
	-0.266	
	-2.39	
	-0.327	
	-1.57	
	0.116	
	-0.0808	
	1.76	
	1.68	
	1.19	
	1.12	
	-1.86	
	-0.471	
	-0.0899	
	0.0381	
	1.78	
	0.342	
	0.355	
	0.567	
	0.651	
	0.335	
	-2.29	
	2.06	
	0.0578	
	-2.29	
	-0.577	
	0.386	
	-2.59	
	-0.754	
	0.0423	
	0.735	
	0.462	
	-1.13	
	-1.77	
	3.16	
	0.871	
	-0.0439	
	1.65	
	-1.11	
	-0.0802	
	-0.181	
	1.86	
	1.21	
	-2.73	
	-0.531	
	-1.72	
	-1.09	
	2.34	
	2.24	
	2.14	
	1.52	
	-1.6	
	-2.57	
	1.67	
	-2.07	
	1.03	
	-0.853	
	-0.0582	
	0.735	
	0.899	
	-1.45	
	-0.434	
	2.52	
	-0.72	
	-1.71	
	-1.71	
	-1.29	
	-1.69	
	0.514	
	0.234	
	-1.53	
	2.06	
	-0.378	
	-0.117	
	0.406	
	-0.0567	
	-0.364	
	-2.36	
	1.16	
	0.442	
	-1.13	
	-3.76	
	-0.98	
	-0.294	
	2.52	
	0.879	
	1.4	
	1.83	
	0.808	
	-0.226	
	-2.25	
	-2.52	
	-0.912	
	-1.02	
	-4.09	
	0.746	
	-2.42	
	-0.841	
	-1.62	
	-2.28	
	1.05	
	0.381	
	-0.308	
	1.62	
	-2.35	
	-0.996	
	0.18	
	2.23	
	0.573	
	-0.477	
	-0.206	
	-1.51	
	1.55	
	-0.0203	
	-2.15	
	-1.39	
	0.633	
	1.47	
	-0.696	
	-0.281	
	1.04	
	1.6	
	1.66	
	-0.161	
	-2.14	
	0.0684	
	-2.89	
	-0.674	
	-1.16	
	2	
	-0.0767	
	-0.522	
	0.332	
	2.41	
	-1.86	
	0.0858	
	-0.344	
	-0.422	
	-2.35	
	2.03	
	-1.27	
	1.35	
	0.215	
	-0.544	
	-0.58	
	0.244	
	-1.17	
	-1.48	
	1.81	
	0.718	
	-1.26	
	-1.09	
	-1.94	
	0.713	
	-1.58	
	2.28	
	-1.15	
	0.668	
	0.903	
	-1.2	
	0.846	
	-0.529	
	1.37	
	-0.0103	
	0.125	
	-0.286	
	2.25	
	-0.23	
	-0.191	
	0.313	
	-0.807	
	2.12	
	1.7	
	1.23	
	-1.38	
	1.28	
	0.126	
	1.61	
	0.098	
	1.63	
	-4.15	
	-0.333	
	0.957	
	-0.836	
	1.62	
	-1.6	
	1.22	
	1.43	
	0.0951	
	1.25	
	-0.121	
	-0.785	
	-1.46	
	0.51	
	-1.64	
	0.682	
	1.48	
	0.958	
	-2.07	
	0.395	
	1.78	
	0.459	
	-0.24	
	1.64	
	-1.19	
	-1.72	
	-0.266	
	-2.43	
	-1.32	
	-1.35	
	0.708	
	-0.857	
	-0.249	
	-1.28	
	-0.108	
	-0.0563	
	-1.58	
	-1.19	
	-0.479	
	-0.302	
	-0.649	
	2.09	
	1.13	
	-1.91	
	-1.62	
	-1.16	
	1.59	
	-0.632	
	0.116	
	-0.224	
	1.55	
	-0.462	
	0.702	
	-4.56	
	-1.26	
	1.13	
	0.926	
	0.0967	
	-0.331	
	0.695	
	-0.975	
	-0.45	
	0.527	
	-0.959	
	2.85	
	0.152	
	0.846	
	0.475	
	-0.757	
	-2.97	
	-0.13	
	-1.04	
	-0.803	
	-1.49	
	4.75	
	-1.23	
	1.06	
	-1.4	
	0.558	
	0.417	
	-1.72	
	0.351	
	0.311	
	0.352	
	1.68	
	1.86	
	-1.3	
	-1.85	
	0.525	
	-0.448	
	1.73	
	-0.792	
	-0.191	
	0.328	
	-2.26	
	-1.28	
	0.00571	
	-2.04	
	0.572	
	1.55	
	-2.23	
	-1.25	
	-0.728	
	-1.92	
	0.457	
	0.357	
	2.35	
	2.11	
	0.398	
	-0.972	
	-0.634	
	1.37	
	0.00425	
	-0.944	
	-0.676	
	2.61	
	0.753	
	0.792	
	-0.2	
	-2.17	
	-0.514	
	1.16	
	-0.348	
	-0.469	
	4.04	
	-0.516	
	0.0899	
	1.82	
	0.312	
	-1.86	
	2.1	
	-1.74	
	-2.09	
	1.98	
	-0.0664	
	-0.808	
	-0.115	
	-1.35	
	1.49	
	-0.363	
	2.57	
	1.09	
	-0.22	
	2.67	
	1.98	
	1.66	
	-0.0377	
	-0.941	
	1.55	
	-0.965	
	1.05	
	-3.16	
	0.235	
	-1.38	
	1.07	
	0.63	
	1.28	
	-0.704	
	-1.42	
	1.78	
	-0.586	
	-1.49	
	1.74	
	1.67	
	-0.78	
	1.31	
	4.1	
	-2.56	
	0.135	
	1.8	
	-0.718	
	1.12	
	-0.0994	
	0.478	
	-1.45	
	-0.745	
	1.12	
	0.368	
	1.33	
	-1.35	
	1.16	
	0.489	
	0.773	
	0.328	
	-1.26	
	-1.46	
	1.77	
	-0.471	
	-1.12	
	2.16	
	0.557	
	2.17	
	4.52	
	-1.14	
	-2.32	
	1.82	
	-0.877	
	-1.9	
	2.22	
	1.06	
	-1.03	
	-0.25	
	1.12	
	-1.17	
	-0.644	
	0.806	
	1.41	
	0.811	
	0.0776	
	0.0771	
	-0.522	
	0.00227	
	-1.56	
	0.789	
	1.87	
	0.276	
	0.503	
	-2.02	
	-0.294	
	-0.956	
	1.96	
	0.856	
	0.658	
	1.19	
	-0.504	
	-1.32	
	-1.11	
	1.68	
	-1.92	
	0.43	
	0.865	
	-1.15	
	1.53	
	1.58	
	0.204	
	-1.93	
	-0.174	
	-2.1	
	-0.0823	
	0.113	
	0.676	
	-0.955	
	-2.01	
	-4.35	
	1.1	
	-1.65	
	1.72	
	-0.129	
	2.35	
	-0.727	
	1.88	
	0.00638	
	0.945	
	1.5	
	1.42	
	-0.448	
	-0.788	
	-0.246	
	-1.28	
	-0.317	
	-2.44	
	-0.123	
	1.49	
	2.42	
	1.51	
	-1.31	
	-0.728	
	1.61	
	1.04	
	-2.28	
	0.876	
	1.71	
	2.58	
	1.4	
	-0.697	
	-0.905	
	1.74	
	1.21	
	-0.668	
	0.0167	
	-2.11	
	-0.717	
	-1.23	
	-0.997	
	-1.7	
	1.97	
	2.04	
	1.21	
	3.21	
	-1.3	
	1.2	
	-1.43	
	-2.43	
	0.638	
	0.332	
	-2.36	
	-1.54	
	-2.7	
	-0.867	
	-0.553	
	1.12	
	2.24	
	-2.11	
	-0.551	
	1.91	
	0.437	
	0.259	
	0.664	
	1	
	2.42	
	0.0249	
	-0.802	
	0.635	
	0.92	
	-0.0449	
	0.256	
	0.461	
	0.0831	
	-4.66	
	-0.984	
	-0.251	
	0.0759	
	-0.748	
	1.75	
	0.606	
	1.61	
	-0.146	
	1.02	
	-2.06	
	-0.623	
	1.43	
	-1.1	
	1.45	
	1.71	
	1.12	
	0.344	
	-0.378	
	0.924	
	0.881	
	3.39	
	-1.11	
	0.472	
	-1.08	
	-1.12	
	-1.28	
	0.288	
	-2.85	
	-1.72	
	1.13	
	-2.12	
	2.55	
	0.928	
	0.24	
	-0.783	
	0.851	
	0.392	
	0.438	
	3.38	
	-2.04	
	-0.677	
	-0.986	
	2.14	
	-2.4	
	-0.572	
	-0.423	
	1.62	
	1.76	
	-0.221	
	-1.34	
	1.63	
	0.934	
	-0.381	
	-0.69	
	0.208	
	-1.36	
	0.853	
	-1.09	
	1.43	
	1.51	
	-1.21	
	0.882	
	0.251	
	1.65	
	-1.5	
	-1.22	
	0.67	
	-1.78	
	-2.04	
	-0.835	
	-2.27	
	2.07	
	-3.27	
	1.71	
	-0.815	
	1.54	
	-1.9	
	-1.46	
	-1.54	
	1.8	
	0.4	
	0.901	
	-0.321	
	-0.686	
	0.459	
	3.33	
	1.33	
	0.471	
	-0.457	
	1.08	
	1.2	
	-0.352	
	1.58	
	-0.0866	
	1.32	
	-0.612	
	-0.884	
	1.56	
	-2.47	
	0.665	
	-1.81	
	1.45	
	-0.659	
	-0.891	
	-0.169	
	0.207	
	1.45	
	-1.24	
	1.2	
	1.72	
	-0.841	
	2.32	
	-0.728	
	0.187	
	2.79	
	1.94	
	-0.219	
	-1.91	
	-1.69	
	-0.526	
	3.48	
	0.0702	
	-0.52	
	1.57	
	-1.5	
	1.46	
	-0.895	
	-1.63	
	0.831	
	-0.351	
	-2.2	
	-1.11	
	-1.83	
	0.433	
	-0.685	
	3.51	
	0.759	
	-0.724	
	-0.251	
	1.68	
	-3.71	
	-0.119	
	-2.06	
	2.52	
	1.27	
	-0.116	
	0.676	
	-0.698	
	-1.21	
	3	
	0.377	
	-0.773	
	-0.196	
	0.542	
	-0.944	
	-2.18	
	3.13	
	-0.304	
	-2.18	
	1.19	
	-3.05	
	-1.27	
	-0.314	
	2.13	
	-1.24	
	-1.63	
	2.75	
	1.88	
	-1.23	
	0.112	
	-1.04	
	-1.15	
	-1.71	
	0.163	
	0.274	
	0.239	
	0.521	
	-1.77	
	-2.57	
	-1.23	
	-1.74	
	1.62	
	1.32	
	1.92	
	1.3	
	1.03	
	2.59	
	1.77	
	-1.66	
	-1.12	
	-1.49	
	1.41	
	-2.4	
	-1.03	
	0.669	
	4.17	
	1.07	
	1.7	
	-1.27	
	0.507	
	0.892	
	0.175	
	-0.183	
	-0.321	
	-2.14	
	0.0937	
	1.02	
	-1.23	
	-1.84	
	2.63	
	1.06	
	1.32	
	2.29	
	1.59	
	1.48	
	-1.06	
	-0.901	
	-1.84	
	1.12	
	0.405	
	-0.519	
	0.973	
	1.87	
	1.84	
	-1.94	
	-1.58	
	-1.5	
	-0.0621	
	0.97	
	0.482	
	-0.834	
	1.74	
	0.671	
	-0.044	
	0.437	
	-0.917	
	-2.39	
	-0.765	
	-3.38	
	-0.0384	
	0.975	
	2.22	
	1.44	
	-2.07	
	1.72	
	1.66	
	-1.66	
	0.51	
	-1.35	
	1.72	
	0.285	
	-0.995	
	0.985	
	0.656	
	0.999	
	2.1	
	-0.475	
	1.33	
	2.41	
	2.51	
	0.578	
	0.921	
	1.18	
	0.864	
	2.65	
	-1.8	
	2.8	
	-2.04	
	1.61	
	-1.76	
	-0.708	
	-1.93	
	3.26	
	-1.25	
	0.183	
	-1.9	
	-1.23	
	-1.45	
	-0.548	
	0.251	
	0.037	
	-0.989	
	-2.05	
	-1.29	
	-0.0613	
	0.335	
	1.26	
	0.282	
	-1.23	
	-1.67	
	-0.881	
	0.225	
	0.825	
	0.885	
	-0.378	
	-1.05	
	1.98	
	-3.03	
	3.01	
	-1	
	1.07	
	-0.0385	
	1.87	
	1.15	
	0.0745	
	0.219	
	-2.71	
	-1.09	
	-0.187	
	0.129	
	1.81	
	-0.403	
	-1.18	
	-2.45	
	-1.59	
	0.547	
	-1.01	
	0.661	
	2.75	
	-1.97	
	0.984	
	0.917	
	-0.557	
	0.938	
	-0.857	
	-3.09	
	-0.0416	
	2.51	
	-0.457	
	-0.46	
	2.08	
	2.26	
	-0.772	
	-0.274	
	-1.18	
	1.23	
	-2.53	
	-0.0664	
	-3.44	
	-0.974	
	-0.947	
	-1.7	
	-2.59	
	2.57	
	2.63	
	-1	
	-1.21	
	-0.504	
	1.09	
	0.00166	
	0.153	
	-0.78	
	0.399	
	1.03	
	0.188	
	-0.291	
	-0.171	
	0.589	
	-2.18	
	1.39	
	-1.76	
	-0.92	
	0.911	
	1.41	
	-1.95	
	-0.89	
	2.46	
	-1.83	
	-0.846	
	-0.831	
	0.324	
	-0.123	
	0.799	
	1.11	
	-0.964	
	-2.57	
	-0.709	
	-1.58	
	1.28	
	-0.0286	
	0.794	
	0.928	
	0.696	
	-0.829	
	0.0357	
	0.294	
	2.68	
	-0.757	
	0.798	
	0.411	
	1.51	
	-0.855	
	-0.942	
	-0.321	
	-0.105	
	2.18	
	-1.13	
	0.616	
	-0.331	
	1.24	
	0.301	
	-0.56	
	-1.75	
	-0.947	
	-0.669	
	-1.13	
	-1.02	
	-0.29	
	-1.48	
	0.544	
	-0.493	
	1.28	
	-0.537	
	-2.37	
	-0.331	
	-1.01	
	-2.98	
	-0.355	
	-1.05	
	-1.41	
	-3.58	
	-0.339	
	1.34	
	3.21	
	-2.48	
	-1.86	
	-0.463	
	-0.68	
	-0.0842	
	2.31	
	0.808	
	-1.11	
	0.0689	
	-1.2	
	-1.07	
	-0.729	
	2.38	
	0.347	
	2.86	
	-0.224	
	0.43	
	1.01	
	-0.451	
	0.0956	
	1.25	
	-1.89	
	1.08	
	1.41	
	-0.922	
	0.236	
	-2.52	
	0.335	
	0.334	
	1.46	
	2.16	
	-1.19	
	2.63	
	0.286	
	-0.408	
	0.652	
	1.49	
	0.41	
	0.67	
	2.73	
	-2.64	
	2.13	
	-0.169	
	-2.35	
	-0.765	
	1.95	
	-0.586	
	0.595	
	0.512	
	-2.39	
	0.689	
	-2.32	
	-3.83	
	-2.22	
	1.86	
	-0.464	
	-1.17	
	2.83	
	2.7	
	0.59	
	0.302	
	0.268	
	0.364	
	2.23	
	-2.86	
	1.38	
	-1.27	
	-0.0694	
	-1.54	
	1.1	
	-0.00583	
	0.291	
	-0.249	
	-1.52	
	-0.139	
	-1.73	
	-0.97	
	-2.67	
	0.407	
	1.34	
	0.791	
	-1.63	
	0.53	
	-0.684	
	-0.218	
	-0.684	
	0.494	
	-0.31	
	-0.411	
	2.52	
	3.18	
	1.47	
	0.217	
	-0.114	
	0.211	
	-0.108	
	-1.79	
	-1.37	
	0.312	
	-1.49	
	-1.74	
	0.965	
	-1.3	
	-0.397	
	0.19	
	0.289	
	1.63	
	-0.28	
	1.04	
	2.86	
	2.44	
	-0.0852	
	2.2	
	1.13	
	0.888	
	0.194	
	0.57	
	-3.01	
	1.02	
	0.975	
	2.91	
	0.875	
	3.13	
	1.42	
	2.21	
	1.09	
	-0.0865	
	0.315	
	-0.185	
	0.0492	
	0.0655	
	0.00224	
	-1.48	
	0.975	
	-1.21	
	0.334	
	1.41	
	-0.525	
	0.669	
	1.39	
	-0.64	
	-0.409	
	3.08	
	1.45	
	1.22	
	0.0587	
	-0.652	
	0.345	
	4.01	
	0.707	
	-0.777	
	-0.616	
	1.6	
	2.17	
	1.45	
	-1.68	
	1.11	
	0.688	
	-1.92	
	2.25	
	0.11	
	0.548	
	-0.161	
	1.91	
	-2.02	
	-0.0668	
	-1.05	
	-0.812	
	1.22	
	1.08	
	0.0781	
	1.6	
	0.137	
	-2.15	
	-0.283	
	1.94	
	3.23	
	-0.00163	
	2.32	
	1.69	
	2.96	
	-0.55	
	-2.23	
	2.15	
	0.391	
	0.214	
	-1.27	
	1.1	
	-0.134	
	-0.233	
	2.69	
	-0.421	
	-0.31	
	0.42	
	0.922	
	-2.4	
	0.0895	
	-1.81	
	0.456	
	1.29	
	0.0195	
	0.409	
	0.665	
	1.62	
	0.321	
	2.45	
	-0.0528	
	-0.828	
	1.45	
	4.37	
	-0.713	
	1.45	
	-0.353	
	-0.702	
	-0.662	
	-1.32	
	0.787	
	-0.506	
	0.0204	
	0.145	
	1.15	
	2.15	
	0.0498	
	0.177	
	-1.47	
	-0.9	
	1.19	
	0.872	
	1.87	
	-0.174	
	-0.981	
	-1.39	
	1.6	
	-0.511	
	1.93	
	1.85	
	-0.583	
	1.41	
	-0.0112	
	-0.442	
	-0.467	
	-0.543	
	-2.5	
	0.719	
	0.277	
	0.216	
	1.03	
	2.26	
	0.593	
	1.68	
	-1.19	
	0.735	
	-0.612	
	1.6	
	1.7	
	0.163	
	0.093	
	-2.3	
	-1.6	
	1.53	
	2.25	
	-0.258	
	0.594	
	0.959	
	-1.24	
	-1.6	
	0.392	
	-0.724	
	0.439	
	-0.612	
	0.641	
	-1.32	
	-0.904	
	-0.317	
	0.747	
	0.398	
	2.12	
	-1.33	
	-2.54	
	-0.878	
	-0.693	
	-1.89	
	0.846	
	-0.298	
	-0.943	
	-1.47	
	0.149	
	-0.526	
	0.843	
	-1.99	
	0.929	
	0.103	
	-0.732	
	-0.7	
	-1.22	
	1.88	
	2.27	
	1.65	
	-0.369	
	-0.266	
	-1.65	
	-1.18	
	2.42	
	0.428	
	1.86	
	1.14	
	-0.0769	
	-2.06	
	2.73	
	0.754	
	-2.2	
	-3.18	
	-0.97	
	0.308	
	1.69	
	-2.23	
	-1.06	
	0.212	
	0.056	
	-1.19	
	1.24	
	-0.71	
	0.0249	
	2.25	
	0.0299	
	-0.823	
	-0.824	
	2.02	
	2.62	
	-0.144	
	-1.25	
	-0.867	
	-0.0815	
	1.71	
	-1.59	
	-0.872	
	0.794	
	-0.393	
	0.0702	
	-3.3	
	0.263	
	-1.64	
	-0.846	
	2.32	
	1.2	
	0.649	
	0.235	
	-2.4	
	1.49	
	-1.29	
	1.13	
	-0.571	
	-0.328	
	-1.63	
	-3.17	
	1.52	
	1.52	
	0.647	
	0.344	
	-1.82	
	0.188	
	1.33	
	1.41	
	-0.352	
	-1.08	
	1.47	
	-0.171	
	0.33	
	-0.964	
	-0.569	
	-1.52	
	-2.87	
	0.000843	
	-0.759	
	3.19	
	-1.2	
	1.27	
	-1.48	
	0.471	
	0.153	
	0.111	
	-2.46	
	1.74	
	-1.77	
	0.605	
	-1.78	
	0.468	
	1.27	
	0.427	
	-0.824	
	0.65	
	-1.44	
	1.36	
	0.935	
	-1.44	
	-0.0646	
	0.983	
	0.9	
	-1.03	
	1.71	
	-4.63	
	2.31	
	-1.04	
	-0.124	
	2.82	
	1.36	
	0.608	
	-0.767	
	0.0316	
	-3.28	
	-0.101	
	-1.18	
	0.021	
	-1.79	
	0.827	
	-0.963	
	1.84	
	1.06	
	0.722	
	2.08	
	-0.584	
	-0.614	
	0.187	
	0.12	
	0.427	
	0.712	
	-1.79	
	-0.973	
	-0.875	
	0.477	
	0.368	
	1.52	
	1.67	
	-1.45	
	-0.103	
	1.36	
	-1.74	
	0.0059	
	-1.97	
	-1.05	
	-0.561	
	-0.516	
	-1.93	
	-0.54	
	2.04	
	0.0596	
	1.33	
	-0.78	
	-2.88	
	-2.64	
	-0.79	
	-1.13	
	0.16	
	0.877	
	-0.2	
	-2.12	
	-0.654	
	0.434	
	-2.18	
	0.798	
	0.366	
	1.48	
	-0.0429	
	-1.78	
	1.02	
	0.0604	
	-0.733	
	-1.93	
	1.56	
	1.1	
	-0.488	
	0.958	
	-0.038	
	-0.593	
	-2.11	
	-2.36	
	-1.84	
	0.362	
	0.484	
	-0.197	
	-3.21	
	1.87	
	-0.748	
	1.32	
	0.989	
	0.29	
	0.966	
	-0.307	
	1.64	
	-2.27	
	-1.56	
	-2.17	
	-2.41	
	0.036	
	-2.2	
	0.567	
	0.02	
	2.74	
	-2.12	
	-0.0465	
	1.53	
	1.54	
	-1.68	
	-0.786	
	-1.81	
	2.18	
	-0.0474	
	0.909	
	-2.01	
	-3.22	
	0.893	
	-0.37	
	-1.91	
	0.082	
	0.124	
	-0.139	
	-4.02	
	-1.05	
	1.68	
	-2.31	
	3.16	
	-1.73	
	0.202	
	-1.93	
	-2.49	
	0.624	
	1.17	
	-1.9	
	0.614	
	-0.436	
	0.459	
	-0.239	
	1.22	
	-0.266	
	0.992	
	-0.433	
	0.603	
	-0.165	
	-0.206	
	-0.863	
	0.0366	
	0.43	
	-1.22	
	-1.19	
	-1.3	
	-1.6	
	-0.982	
	0.644	
	-1.04	
	-0.983	
	-1.41	
	0.586	
	1.27	
	-1.94	
	-1.86	
	3.46	
	-0.0944	
	1.53	
	-0.359	
	-1.71	
	1.73	
	-3.7	
	0.693	
	2.76	
	-0.798	
	-0.294	
	-0.459	
	1.06	
	0.202	
	-1.54	
	0.258	
	0.741	
	1.43	
	-1.51	
	0.554	
	-0.889	
	1.29	
	0.32	
	0.368	
	-1.26	
	-1.64	
	0.0535	
	-3.96	
	-0.49	
	-2.17	
	2.69	
	0.652	
	0.158	
	-2.14	
	1.05	
	0.496	
	0.912	
	0.983	
	1.41	
	-2.56	
	-0.965	
	0.315	
	1.99	
	0.808	
	0.463	
	-1.84	
	-0.00477	
	0.444	
	0.000111	
	0.492	
	-0.475	
	0.109	
	0.478	
	0.884	
	-1.06	
	0.284	
	-0.613	
	0.481	
	-1.23	
	1.61	
	0.0321	
	0.265	
	-2.18	
	-3.28	
	2.24	
	2.72	
	0.201	
	0.704	
	1.93	
	1.46	
	-0.0938	
	1.4	
	-0.711	
	0.54	
	1.7	
	-1.28	
	-1.69	
	-1.54	
	-0.0781	
	-1.41	
	-1.72	
	-1.75	
	1.91	
	-0.593	
	0.688	
	-1.72	
	-0.483	
	1.1	
	1.26	
	-3.61	
	1.83	
	-0.837	
	1.29	
	1.92	
	-2.55	
	-0.988	
	-0.75	
	-3.07	
	2.78	
	2.6	
	0.697	
	1.57	
	0.0096	
	0.15	
	3.09	
	-0.89	
	1.49	
	1.11	
	-3.02	
	-1.22	
	-1.81	
	3.82	
	-0.495	
	-1.38	
	-0.733	
	-2.27	
	-3.3	
	-1.29	
	-0.35	
	-1.37	
	-0.513	
	-0.683	
	0.22	
	-0.887	
	-0.707	
	1.49	
	0.875	
	2.48	
	-1.03	
	1.01	
	3.85	
	-1.97	
	2.64	
	0.0599	
	-2	
	1.15	
	0.0485	
	0.126	
	-1.29	
	-0.0381	
	0.918	
	-2.87	
	-2.99	
	-0.26	
	1.06	
	-2.3	
	0.712	
	0.273	
	-1.42	
	-0.155	
	2.86	
	-1.64	
	0.173	
	1.71	
	3.16	
	-2.15	
	2.43	
	1.57	
	1.43	
	0.997	
	-0.707	
	2.88	
	-1.32	
	0.903	
	-1.79	
	1.46	
	0.146	
	-0.258	
	-2.14	
	-0.00413	
	-0.0589	
	1.65	
	-2.33	
	0.32	
	0.861	
	0.339	
	1.93	
	-2.35	
	1.5	
	-2.24	
	0.564	
	-0.782	
	-3.18	
	-0.386	
	-1.38	
	-0.19	
	0.493	
	0.803	
	0.467	
	-0.997	
	-0.495	
	0.487	
	0.322	
	1.06	
	2.28	
	-1.34	
	-1.05	
	-2.63	
	-1.92	
	1.24	
	2.11	
	2.28	
	-1	
	2.4	
	1.66	
	1.07	
	1.23	
	-1.38	
	2.52	
	-0.234	
	0.223	
	-1	
	1.37	
	-0.144	
	0.686	
	0.663	
	1.41	
	0.075	
	-1.69	
	1.24	
	-1.9	
	1.15	
	0.0353	
	0.352	
	-0.0355	
	0.397	
	1.88	
	1.66	
	0.736	
	-0.212	
	-1.25	
	1.14	
	1.2	
	0.922	
	2.42	
	0.827	
	0.464	
	-2.46	
	-1.73	
	0.636	
	2.8	
	0.382	
	0.123	
	-0.342	
	1.8	
	-0.611	
	-0.847	
	-2.43	
	0.297	
	1.56	
	0.586	
	-3.1	
	-0.565	
	1.39	
	-0.706	
	-0.303	
	0.698	
	1.56	
	-1.35	
	1.11	
	1.7	
	1.42	
	2.05	
	-2.05	
	0.753	
	-0.947	
	-2.64	
	-1.56	
	0.116	
	-1.93	
	-1.99	
	-0.383	
	1.64	
	1.05	
	0.173	
	-2.84	
	-2.27	
	0.205	
	-2.11	
	-0.221	
	1.98	
	0.291	
	0.472	
	0.685	
	1.42	
	2.36	
	-2.26	
	-0.185	
	-0.0335	
	-0.101	
	-0.78	
	2.33	
	0.51	
	-0.495	
	1.47	
	-0.163	
	-1.36	
	-1.74	
	2.27	
	0.415	
	-1.29	
	-2.75	
	1.7	
	2.65	
	0.725	
	0.024	
	0.532	
	-1.48	
	0.797	
	-0.89	
	0.959	
	-2.64	
	0.166	
	-0.263	
	-0.233	
	-0.719	
	-1.13	
	0.113	
	-0.281	
	-0.836	
	2.3	
	0.468	
	1.44	
	1.48	
	0.943	
	0.482	
	0.293	
	-0.853	
	-1.91	
	-2.1	
	-0.306	
	-2.01	
	-0.53	
	1.59	
	-1.56	
	0.703	
	1	
	0.953	
	-3.13	
	-0.00853	
	-1.38	
	1.87	
	-1.62	
	-1.75	
	-0.0817	
	0.909	
	1.91	
	1.53	
	0.291	
	-1.39	
	0.985	
	4.49	
	-1.97	
	-0.963	
	0.714	
	-1.7	
	-4.06	
	-3.36	
	-1.6	
	-0.395	
	-1.91	
	2.63	
	-2.03	
	0.0137	
	0.816	
	2.15	
	1.64	
	-0.489	
	-1.26	
	-1.16	
	1.38	
	-0.0823	
	0.125	
	0.557	
	0.607	
	-0.633	
	1.42	
	-3.44	
	1.89	
	1.1	
	-0.765	
	-1.18	
	1.5	
	2.56	
	0.55	
	1.64	
	-0.235	
	-3.01	
	-1.12	
	-1.33	
	0.231	
	2.02	
	2.12	
	1.79	
	1.48	
	1.09	
	0.954	
	1.7	
	-0.511	
	1.43	
	-0.471	
	-2.65	
	-3.15	
	-0.132	
	-0.504	
	-1.34	
	1.87	
	0.932	
	3.14	
	-0.992	
	0.156	
	1.13	
	0.854	
	-1.75	
	-3.76	
	1.72	
	-0.875	
	-1	
	-0.0707	
	-0.915	
	-1.11	
	-1.74	
	-2.38	
	-1.07	
	-3.38	
	3.22	
	-2.08	
	1.75	
	-1.3	
	0.0255	
	0.998	
	-0.383	
	-1.2	
	-1.66	
	-1.38	
	0.0909	
	0.491	
	-2.69	
	-1.58	
	3.49	
	0.73	
	-0.442	
	-0.959	
	-0.24	
	-1.54	
	-0.249	
	0.874	
	1.02	
	-1.1	
	-0.000293	
	-1.61	
	-0.834	
	-0.0436	
	1.54	
	1.6	
	-1.62	
	-1.28	
	-3.21	
	0.843	
	-1.54	
	-1.63	
	2.4	
	1.48	
	2.09	
	1.81	
	0.543	
	-0.0148	
	-1.73	
	-2.35	
	-0.246	
	-1.38	
	-1.4	
	3.42	
	1.89	
	0.452	
	-0.528	
	1.82	
	0.924	
	0.422	
	0.669	
	0.931	
	-1.5	
	1.11	
	-1.97	
	2.83	
	-3.03	
	1.83	
	2.36	
	-0.338	
	0.281	
	0.501	
	-1.83	
	-0.684	
	0.89	
	1.18	
	-0.0978	
	-1.77	
	-0.35	
	-0.449	
	-0.231	
	1.27	
	0.206	
	-1.76	
	1.09	
	2.18	
	-1.33	
	0.321	
	2.47	
	-2.59	
	0.0959	
	-0.272	
	0.792	
	-1.35	
	1.37	
	-0.727	
	-0.109	
	0.211	
	1.52	
	-0.842	
	3.59	
	-1.62	
	1.62	
	3.01	
	-2.04	
	-2.58	
	1.41	
	0.543	
	-0.221	
	0.612	
	-2.22	
	1.59	
	2.7	
	1.54	
	0.133	
	0.861	
	-1.75	
	0.388	
	-0.0142	
	0.506	
	2	
	-1.15	
	-1.46	
	-0.94	
	0.121	
	-0.371	
	-1.82	
	-0.792	
	-0.643	
	-2.26	
	0.414	
	-1.21	
	0.846	
	1.15	
	-0.773	
	-1.05	
	1.71	
	-1.01	
	1.58	
	2.27	
	3.71	
	1.83	
	-0.487	
	1.2	
	1.16	
	0.663	
	0.632	
	-2.61	
	0.488	
	0.933	
	0.0174	
	1.52	
	-0.557	
	-1.05	
	-3.03	
	-1.25	
	-0.573	
	1.05	
	-0.507	
	-1.98	
	-2.95	
	0.972	
	-2.58	
	-0.88	
	-1.33	
	0.251	
	1.09	
	-0.98	
	0.253	
	1.4	
	0.919	
	2.24	
	-0.389	
	-0.509	
	-1.08	
	0.969	
	0.0389	
	0.214	
	-0.468	
	-1.15	
	0.673	
	1.16	
	-2.63	
	0.15	
	0.072	
	-2.23	
	-1.69	
	-0.819	
	0.0991	
	2.29	
	0.578	
	-2.32	
	-1.08	
	-0.0382	
	-1.7	
	-0.953	
	0.959	
	0.323	
	-2.78	
	0.611	
	1.28	
	0.995	
	-2.96	
	-2.38	
	-0.614	
	1.86	
	1.05	
	-1.6	
	-0.815	
	1.29	
	-0.365	
	1.82	
	0.0671	
	-0.279	
	3.12	
	0.776	
	-0.0134	
	0.0823	
	0.972	
	2.16	
	1.54	
	0.542	
	2.94	
	1.69	
	-1.07	
	-2.96	
	-0.87	
	-0.179	
	-0.661	
	2.63	
	2.08	
	1.44	
	-0.638	
	-0.214	
	-0.35	
	-0.632	
	1.26	
	1.21	
	-0.595	
	1.57	
	-2.05	
	3.37	
	-2.73	
	3.49	
	-0.977	
	-1.2	
	-2.29	
	-2.92	
	0.291	
	-1.97	
	-0.486	
	-0.788	
	-0.178	
	1.09	
	2.5	
	3.27	
	1.01	
	-0.203	
	2.22	
	-0.165	
	0.74	
	-1.01	
	1.67	
	0.486	
	1.91	
	1	
	-0.603	
	-0.026	
	0.472	
	-0.136	
